1|CSE|Victor|79|80|99|89|347|86.75
3|ECE|Natalie|76|39|95|78|288|72.00
4|EEE|Amanda|76|58|75|99|308|77.00
5|CIVIL70|Michel|70|51|49|97|267|66.75
6|ECE|Andrea|86|43|88|72|289|72.25
7|CSE|Chloe|67|59|60|82|268|67.00
8|ISE|Lily|98|82|72|76|328|82.00
9|ECE|Carol|62|42|46|95|245|61.25
10|EEE|Jan|91|74|77|95|337|84.25
11|CIVIL90|Pippa|90|67|66|89|312|78.00
12|ECE|Jan|96|66|38|93|293|73.25
13|CSE|Carol|89|48|75|93|305|76.25
14|ISE|Jasmin|73|49|59|94|275|68.75
15|ECE|Victor|64|47|74|82|267|66.75
16|EEE|Molly|78|44|92|77|291|72.75
17|CIVIL71|Chloe|71|83|35|81|270|67.50
18|ECE|Anne|99|76|51|86|312|78.00
19|CSE|Heath|77|68|97|78|320|80.00
20|ISE|Eliz|97|70|46|77|290|72.50
21|ECE|Bernda|96|46|38|94|274|68.50
22|EEE|Faith|70|72|48|71|261|65.25
23|CIVIL86|Grace|86|81|92|93|352|88.00
24|ECE|Dorothy|88|55|53|96|292|73.00
25|CSE|Olivia|66|36|89|76|267|66.75
26|ISE|Jessica|62|39|90|95|286|71.50
27|ECE|Carol|68|41|67|71|247|61.75
28|EEE|Jasmin|91|51|91|73|306|76.50
29|CIVIL69|Wendy|69|38|91|92|290|72.50
30|ECE|Sophie|98|79|48|89|314|78.50
31|CSE|Molly|69|88|87|75|319|79.75
32|ISE|Rose|62|84|49|76|271|67.75
33|ECE|Penel|95|85|57|74|311|77.75
34|EEE|Diane|86|58|89|86|319|79.75
35|CIVIL63|Sue|63|71|71|78|283|70.75
36|ECE|Wendy|76|71|84|71|302|75.50
37|CSE|Claire|76|45|37|76|234|58.50
38|ISE|Hannah|88|55|59|82|284|71.00
39|ECE|Eliz|77|39|85|75|276|69.00
40|EEE|Una|79|38|40|77|234|58.50
41|CIVIL73|Jane|73|75|92|80|320|80.00
42|ECE|Jasmin|87|90|82|99|358|89.50
43|CSE|Karen|77|72|89|72|310|77.50
44|ISE|Carolyn|87|74|93|71|325|81.25
45|ECE|Penel|79|51|66|79|275|68.75
46|EEE|Leah|68|49|41|73|231|57.75
47|CIVIL95|Sally|95|35|48|80|258|64.50
48|ECE|Lily|89|76|43|73|281|70.25
49|CSE|Emily|71|43|70|83|267|66.75
50|ISE|Faith|87|87|49|79|302|75.50
51|ECE|Heather|77|54|44|73|248|62.00
52|EEE|Mary|77|47|73|92|289|72.25
53|CIVIL65|Mary|65|35|68|82|250|62.50
54|ECE|Dorothy|93|40|39|76|248|62.00
55|CSE|Caroline|81|37|59|99|276|69.00
56|ISE|Amanda|98|65|87|88|338|84.50
57|ECE|Angela|82|79|67|83|311|77.75
58|EEE|Heather|94|55|93|97|339|84.75
59|CIVIL63|Amy|63|74|57|89|283|70.75
60|ECE|Carol|82|63|75|74|294|73.50
61|CSE|Eliza|66|36|58|78|238|59.50
62|ISE|Maria|76|35|62|70|243|60.75
63|ECE|Lauren|79|46|90|80|295|73.75
64|EEE|Michel|87|76|46|77|286|71.50
65|CIVIL90|Olivia|90|51|97|76|314|78.50
66|ECE|Heather|60|57|40|94|251|62.75
67|CSE|Dorothy|94|45|42|95|276|69.00
68|ISE|Sonia|91|55|63|82|291|72.75
69|ECE|Diana|92|48|82|94|316|79.00
70|EEE|Alison|70|51|45|79|245|61.25
71|CIVIL79|Fiona|79|70|41|84|274|68.50
72|ECE|Chloe|67|90|36|92|285|71.25
73|CSE|Jenni|94|82|46|97|319|79.75
74|ISE|Felici|66|35|45|91|237|59.25
75|ECE|Andrea|85|49|89|83|306|76.50
76|EEE|Wanda|64|65|80|87|296|74.00
77|CIVIL67|Fiona|67|53|99|93|312|78.00
78|ECE|Angela|96|81|86|92|355|88.75
79|CSE|Diana|82|86|84|89|341|85.25
80|ISE|Kimber|73|71|85|89|318|79.50
81|ECE|Pippa|96|89|76|77|338|84.50
82|EEE|Joan|85|49|56|84|274|68.50
83|CIVIL61|Pippa|61|47|52|95|255|63.75
84|ECE|Angela|96|68|95|82|341|85.25
85|CSE|Pippa|61|88|82|94|325|81.25
86|ISE|Michel|74|74|41|93|282|70.50
87|ECE|Anna|72|47|98|79|296|74.00
88|EEE|Una|71|64|51|88|274|68.50
89|CIVIL80|Faith|80|89|79|70|318|79.50
90|ECE|Emily|69|66|67|82|284|71.00
91|CSE|Sonia|72|40|64|71|247|61.75
92|ISE|Amelia|65|59|71|77|272|68.00
93|ECE|Rachel|83|82|41|81|287|71.75
94|EEE|Virgi|75|78|86|82|321|80.25
95|CIVIL99|Anne|99|85|51|93|328|82.00
96|ECE|Penel|95|53|81|71|300|75.00
97|CSE|Carol|86|74|84|94|338|84.50
98|ISE|Audrey|74|41|77|88|280|70.00
99|ECE|Una|89|35|97|82|303|75.75
100|EEE|Yvonne|60|47|47|72|226|56.50
101|CIVIL65|Donna|65|89|40|78|272|68.00
102|ECE|Miche|67|77|55|95|294|73.50
103|CSE|Nicola|69|63|60|87|279|69.75
104|ISE|Joan|80|67|84|77|308|77.00
105|ECE|Felici|81|81|96|70|328|82.00
106|EEE|Mary|66|90|72|75|303|75.75
107|CIVIL65|Yvonne|65|48|79|97|289|72.25
108|ECE|Dorothy|70|61|56|94|281|70.25
109|CSE|Diane|78|69|41|97|285|71.25
110|ISE|Jessica|65|48|93|88|294|73.50
111|ECE|Rose|86|47|73|94|300|75.00
112|EEE|Rachel|89|78|60|83|310|77.50
113|CIVIL79|Ruth|79|90|91|79|339|84.75
114|ECE|Micha|90|85|63|86|324|81.00
115|CSE|Sonia|81|41|74|82|278|69.50
116|ISE|Nicola|91|45|87|71|294|73.50
117|ECE|Ruth|79|62|84|90|315|78.75
118|EEE|Hannah|78|68|91|94|331|82.75
119|CIVIL83|Ava|83|44|90|93|310|77.50
120|ECE|Natalie|73|49|99|98|319|79.75
121|CSE|Jessica|72|89|63|75|299|74.75
122|ISE|Rebecca|70|84|40|76|270|67.50
123|ECE|Ella|69|48|48|71|236|59.00
124|EEE|Megan|81|63|55|96|295|73.75
125|CIVIL79|Alexa|79|90|35|76|280|70.00
126|ECE|Lily|66|56|98|75|295|73.75
127|CSE|Emily|96|71|73|77|317|79.25
128|ISE|Anna|64|42|51|88|245|61.25
129|ECE|Natalie|88|67|93|81|329|82.25
130|EEE|Irene|63|63|61|93|280|70.00
131|CIVIL69|Nicola|69|57|84|99|309|77.25
132|ECE|Emma|92|90|43|97|322|80.50
133|CSE|Julia|93|39|74|86|292|73.00
134|ISE|Natalie|89|54|46|91|280|70.00
135|ECE|Rebecca|77|74|72|99|322|80.50
136|EEE|Nicola|72|82|80|73|307|76.75
137|CIVIL94|Joanne|94|67|45|88|294|73.50
138|ECE|Karen|92|62|91|97|342|85.50
139|CSE|Olivia|84|82|84|75|325|81.25
140|ISE|Emily|79|61|76|74|290|72.50
141|ECE|Rachel|98|39|78|91|306|76.50
142|EEE|Kylie|84|66|38|98|286|71.50
143|CIVIL91|Lily|91|56|89|93|329|82.25
144|ECE|Kylie|65|76|36|85|262|65.50
145|CSE|Jenni|86|54|52|71|263|65.75
146|ISE|Carol|87|58|41|89|275|68.75
147|ECE|Rebecca|73|79|83|86|321|80.25
148|EEE|Stephan|74|84|36|76|270|67.50
149|CIVIL61|Ella|61|85|53|78|277|69.25
150|ECE|Virgin|72|77|49|96|294|73.50
151|CSE|Joan|92|54|66|88|300|75.00
152|ISE|Anne|61|87|38|83|269|67.25
153|ECE|Anne|63|40|71|73|247|61.75
154|EEE|Caroi|87|40|50|96|273|68.25
155|CIVIL71|Deirdre|71|85|73|87|316|79.00
156|ECE|Audrey|63|62|36|72|233|58.25
157|CSE|Donna|97|77|63|94|331|82.75
158|ISE|Faith|84|76|39|90|289|72.25
159|ECE|Heather|64|75|61|78|278|69.50
160|EEE|Berna|93|83|71|72|319|79.75
161|CIVIL64|Diana|64|40|51|72|227|56.75
162|ECE|Madel|65|85|57|76|283|70.75
163|CSE|Michela|68|80|98|71|317|79.25
164|ISE|Jenna|71|35|66|74|246|61.50
165|ECE|Amy|71|64|79|76|290|72.50
166|EEE|Irene|78|71|49|84|282|70.50
167|CIVIL85|Lilli|85|62|49|75|271|67.75
168|ECE|Molly|98|46|37|85|266|66.50
169|CSE|Sally|87|73|43|89|292|73.00
170|ISE|Wendy|70|73|50|87|280|70.00
171|ECE|Julia|85|51|40|83|259|64.75
172|EEE|Gabriel|93|36|64|86|279|69.75
173|CIVIL61|Anna|61|87|40|74|262|65.50
174|ECE|Julia|95|49|66|80|290|72.50
175|CSE|Wendy|83|72|94|89|338|84.50
176|ISE|Emma|89|50|50|99|288|72.00
177|ECE|Emily|67|61|72|97|297|74.25
178|EEE|Chloe|61|41|66|74|242|60.50
179|CIVIL93|Ava|93|67|52|87|299|74.75
180|ECE|Angela|91|39|44|97|271|67.75
181|CSE|Lisa|74|35|51|78|238|59.50
182|ISE|Sue|72|75|68|98|313|78.25
183|ECE|Joanne|95|45|51|83|274|68.50
184|EEE|Anna|66|87|52|98|303|75.75
185|CIVIL65|Victus|65|56|52|98|271|67.75
186|ECE|Nicola|95|57|84|87|323|80.75
187|CSE|Joan|63|67|48|86|264|66.00
188|ISE|Gabe|91|89|52|86|318|79.50
189|ECE|Grace|99|54|62|83|298|74.50
190|EEE|Molly|76|77|66|96|315|78.75
191|CIVIL73|Alexi|73|60|93|72|298|74.50
192|ECE|Zoe|87|85|78|89|339|84.75
193|CSE|Rachel|72|85|43|74|274|68.50
194|ISE|Audrey|81|87|53|73|294|73.50
195|ECE|Victus|81|78|60|99|318|79.50
196|EEE|Maria|78|76|88|89|331|82.75
197|CIVIL91|Angela|91|62|64|89|306|76.50
198|ECE|Berna|75|50|35|83|243|60.75
199|CSE|Kimber|68|90|41|84|283|70.75
200|ISE|Amanda|64|52|87|79|282|70.50
201|ECE|Anna|60|39|41|86|226|56.50
202|EEE|Donna|76|76|52|86|290|72.50
203|CIVIL75|Kimber|75|39|47|82|243|60.75
204|ECE|Molly|74|56|39|90|259|64.75
205|CSE|Penel|91|71|77|93|332|83.00
206|ISE|Emma|75|40|37|96|248|62.00
207|ECE|Kather|65|88|98|74|325|81.25
208|EEE|Karen|76|88|44|81|289|72.25
209|CIVIL76|Deirdr|76|84|99|96|355|88.75
210|ECE|Sue|77|81|38|80|276|69.00
211|CSE|Zoe|89|83|84|88|344|86.00
212|ISE|Grace|76|60|93|82|311|77.75
213|ECE|Carola|61|85|90|82|318|79.50
214|EEE|Stephan|73|89|54|97|313|78.25
215|CIVIL93|Zoe|93|54|88|85|320|80.00
216|ECE|Saman|93|56|99|87|335|83.75
217|CSE|Grace|74|81|80|83|318|79.50
218|ISE|Grace|74|56|76|88|294|73.50
219|ECE|Bern|68|63|53|85|269|67.25
220|EEE|Lillian|88|62|77|98|325|81.25
221|CIVIL96|Jane|96|62|96|70|324|81.00
222|ECE|Vanesa|71|74|59|91|295|73.75
223|CSE|Claire|86|37|95|92|310|77.50
224|ISE|Anna|72|63|51|85|271|67.75
225|ECE|Ella|92|69|37|76|274|68.50
226|EEE|Jasmin|96|57|86|83|322|80.50
227|CIVIL85|Abiga|85|64|99|78|326|81.50
228|ECE|Penepe|75|68|39|79|261|65.25
229|CSE|Julia|85|89|76|81|331|82.75
230|ISE|Deirdre|80|41|53|88|262|65.50
231|ECE|Mary|64|70|44|80|258|64.50
232|EEE|Sonia|92|51|70|97|310|77.50
233|CIVIL72|Karen|72|56|70|93|291|72.75
234|ECE|Leah|78|44|75|75|272|68.00
235|CSE|Kylie|95|40|99|77|311|77.75
236|ISE|Sophie|72|48|68|83|271|67.75
237|ECE|Emma|95|48|98|71|312|78.00
238|EEE|Amanda|86|85|94|88|353|88.25
239|CIVIL80|Anne|80|47|80|83|290|72.50
240|ECE|Emma|96|71|55|91|313|78.25
241|CSE|Doroth|79|59|91|85|314|78.50
242|ISE|Joanne|77|38|57|81|253|63.25
243|ECE|Lisa|80|81|37|83|281|70.25
244|EEE|Joan|82|63|68|97|310|77.50
245|CIVIL64|Amanda|64|42|91|95|292|73.00
246|ECE|Angela|78|46|71|72|267|66.75
247|CSE|Jasmin|87|68|97|94|346|86.50
248|ISE|Amanda|65|69|44|79|257|64.25
249|ECE|Sue|98|55|86|83|322|80.50
250|EEE|Carolyn|84|41|90|91|306|76.50
251|CIVIL98|Sue|98|80|58|92|328|82.00
252|ECE|Ava|96|40|56|74|266|66.50
253|CSE|Bella|63|88|37|76|264|66.00
254|ISE|Stenie|71|59|58|96|284|71.00
255|ECE|Jeifer|96|59|94|70|319|79.75
256|EEE|Pippa|88|53|81|70|292|73.00
257|CIVIL93|Grace|93|56|49|92|290|72.50
258|ECE|Leah|88|76|38|84|286|71.50
259|CSE|Sarah|65|52|37|83|237|59.25
260|ISE|Molly|68|83|45|89|285|71.25
261|ECE|Molly|82|87|45|81|295|73.75
262|EEE|Wendy|71|64|89|88|312|78.00
263|CIVIL71|Joan|71|74|76|79|300|75.00
264|ECE|Kylie|85|88|86|84|343|85.75
265|CSE|Yvnne|84|73|45|76|278|69.50
266|ISE|Colyn|83|62|56|97|298|74.50
267|ECE|Sally|69|44|74|75|262|65.50
268|EEE|Wanda|61|84|80|75|300|75.00
269|CIVIL79|Ava|79|43|45|86|253|63.25
270|ECE|Anne|79|60|72|81|292|73.00
271|CSE|Niola|68|88|83|78|317|79.25
272|ISE|Carol|61|41|51|97|250|62.50
273|ECE|Chloe|95|79|35|80|289|72.25
274|EEE|Jan|68|53|42|97|260|65.00
275|CIVIL67|Leah|67|80|65|80|292|73.00
276|ECE|Joan|88|68|58|83|297|74.25
277|CSE|Zoe|77|67|50|97|291|72.75
278|ISE|Caolyn|88|48|55|93|284|71.00
279|ECE|Nicola|82|72|37|73|264|66.00
280|EEE|Rose|93|74|46|83|296|74.00
281|CIVIL97|Jessica|97|78|81|77|333|83.25
282|ECE|Doroth|75|62|90|89|316|79.00
283|CSE|Tracey|63|70|93|87|313|78.25
284|ISE|Amelia|74|86|43|96|299|74.75
285|ECE|Felity|92|71|71|92|326|81.50
286|EEE|Sonia|98|58|57|85|298|74.50
287|CIVIL91|Sophie|91|50|90|85|316|79.00
288|ECE|Sally|63|68|45|86|262|65.50
289|CSE|Joan|96|56|71|95|318|79.50
290|ISE|Vioria|99|68|67|76|310|77.50
291|ECE|Rbecca|76|84|51|91|302|75.50
292|EEE|Molly|76|44|66|93|279|69.75
293|CIVIL74|Julia|74|47|54|89|264|66.00
294|ECE|Tracey|88|41|89|82|300|75.00
295|CSE|Rachel|88|57|68|86|299|74.75
296|ISE|Teresa|71|55|48|79|253|63.25
297|ECE|Tracey|94|36|66|88|284|71.00
298|EEE|Jane|63|85|35|87|270|67.50
299|CIVIL81|Molly|81|56|42|85|264|66.00
300|ECE|Amanda|79|51|67|71|268|67.00
301|CSE|Jasmne|91|46|46|73|256|64.00
302|ISE|Faith|68|47|61|94|270|67.50
303|ECE|Vrnia|68|38|74|90|270|67.50
304|EEE|Rachel|94|44|43|80|261|65.25
305|CIVIL64|Thresa|64|50|84|72|270|67.50
306|ECE|Jan|77|41|75|78|271|67.75
307|CSE|Lllian|86|73|43|94|296|74.00
308|ISE|Rachel|77|84|40|97|298|74.50
309|ECE|Sophie|71|38|87|85|281|70.25
310|EEE|Mlanie|74|72|53|74|273|68.25
311|CIVIL80|Ava|80|46|66|74|266|66.50
312|ECE|Megan|95|39|92|96|322|80.50
313|CSE|Stphan|64|82|57|80|283|70.75
314|ISE|Jenni|78|64|79|92|313|78.25
315|ECE|Carol|75|81|56|76|288|72.00
316|EEE|Pippa|89|77|73|91|330|82.50
317|CIVIL82|Nicola|82|63|93|84|322|80.50
318|ECE|Carol|93|54|85|99|331|82.75
319|CSE|Stanie|68|41|38|83|230|57.50
320|ISE|Lauren|62|89|49|98|298|74.50
321|ECE|Amelia|71|84|53|75|283|70.75
322|EEE|Leah|93|35|71|71|270|67.50
323|CIVIL71|Jenner|71|88|53|99|311|77.75
324|ECE|Emily|61|51|52|72|236|59.00
325|CSE|Stenie|98|71|84|76|329|82.25
326|ISE|Jamine|83|65|76|88|312|78.00
327|ECE|Ruth|73|43|67|83|266|66.50
328|EEE|Jan|68|64|84|83|299|74.75
329|CIVIL88|Vicria|88|66|83|82|319|79.75
330|ECE|Zoe|78|42|59|74|253|63.25
331|CSE|Rachel|87|73|69|81|310|77.50
332|ISE|Alexa|75|90|36|74|275|68.75
333|ECE|Irene|79|55|35|74|243|60.75
334|EEE|Hannah|91|59|39|94|283|70.75
335|CIVIL93|Sonia|93|64|83|89|329|82.25
336|ECE|Jan|76|90|54|90|310|77.50
337|CSE|Deird|66|35|50|96|247|61.75
338|ISE|Diane|99|87|50|92|328|82.00
339|ECE|Lily|65|74|84|87|310|77.50
340|EEE|Melaie|67|50|45|78|240|60.00
341|CIVIL68|Molly|68|61|37|93|259|64.75
342|ECE|Ava|86|49|91|94|320|80.00
343|CSE|Bdette|94|56|36|76|262|65.50
344|ISE|Abigail|66|54|39|97|256|64.00
345|ECE|Tracey|65|39|74|92|270|67.50
346|EEE|Andrea|95|60|50|75|280|70.00
347|CIVIL84|Pippa|84|71|93|94|342|85.50
348|ECE|Fiona|83|68|78|98|327|81.75
349|CSE|Emma|64|49|80|77|270|67.50
350|ISE|Amelia|66|64|37|90|257|64.25
351|ECE|Beaette|73|74|36|78|261|65.25
352|EEE|Sthanie|95|79|84|77|335|83.75
353|CIVIL76|Carolyn|76|52|99|99|326|81.50
354|ECE|Joanne|60|62|44|76|242|60.50
355|CSE|Donna|79|57|52|85|273|68.25
356|ISE|Grace|65|90|39|73|267|66.75
357|ECE|Audrey|72|55|93|86|306|76.50
358|EEE|Reecca|71|66|85|94|316|79.00
359|CIVIL95|Julia|95|54|63|84|296|74.00
360|ECE|Vrinia|89|72|65|85|311|77.75
361|CSE|Kylie|97|87|98|70|352|88.00
362|ISE|Penope|94|52|88|83|317|79.25
363|ECE|Jan|66|38|56|94|254|63.50
364|EEE|Emily|88|75|65|98|326|81.50
365|CIVIL87|Claire|87|63|59|73|282|70.50
366|ECE|Carol|61|45|97|82|285|71.25
367|CSE|Anne|75|41|73|75|264|66.00
368|ISE|Jan|82|54|52|85|273|68.25
369|ECE|Nicola|62|89|69|91|311|77.75
370|EEE|Emma|88|62|90|80|320|80.00
371|CIVIL95|Wanda|95|36|37|94|262|65.50
372|ECE|Virga|65|70|39|84|258|64.50
373|CSE|Grace|70|53|86|79|288|72.00
374|ISE|Audrey|80|45|72|90|287|71.75
375|ECE|Rachel|84|68|62|86|300|75.00
376|EEE|Mary|86|61|72|83|302|75.50
377|CIVIL98|Zoe|98|40|96|72|306|76.50
378|ECE|Amelia|76|48|83|94|301|75.25
379|CSE|Heather|82|84|53|95|314|78.50
380|ISE|Tracey|72|39|58|86|255|63.75
381|ECE|Rebcca|76|51|80|78|285|71.25
382|EEE|Wanda|71|76|95|79|321|80.25
383|CIVIL88|Mary|88|51|89|71|299|74.75
384|ECE|Lilian|80|74|84|88|326|81.50
385|CSE|Rebecca|85|46|40|80|251|62.75
386|ISE|Fecity|96|50|71|99|316|79.00
387|ECE|Viinia|75|59|54|91|279|69.75
388|EEE|Vanesa|74|88|54|98|314|78.50
389|CIVIL97|Elbeth|97|88|81|98|364|91.00
390|ECE|Abail|88|79|54|90|311|77.75
391|CSE|Yvonne|61|53|55|87|256|64.00
392|ISE|Tracey|66|36|95|70|267|66.75
393|ECE|Vassa|89|88|73|89|339|84.75
394|EEE|Carol|78|71|86|91|326|81.50
395|CIVIL97|Ava|97|66|41|70|274|68.50
396|ECE|Tracey|80|71|53|70|274|68.50
397|CSE|Zoe|97|70|70|79|316|79.00
398|ISE|Amanda|97|58|98|83|336|84.00
399|ECE|Liian|96|58|83|80|317|79.25
400|EEE|Sue|65|62|62|97|286|71.50
401|CIVIL95|Emma|95|47|36|84|262|65.50
402|ECE|Sue|75|48|62|80|265|66.25
403|CSE|Shanie|80|90|63|89|322|80.50
404|ISE|Mary|86|82|81|88|337|84.25
405|ECE|Dorthy|95|76|39|73|283|70.75
406|EEE|Carone|70|46|60|75|251|62.75
407|CIVIL95|Felity|95|62|56|77|290|72.50
408|ECE|Jessica|94|88|97|73|352|88.00
409|CSE|Emma|92|86|38|96|312|78.00
410|ISE|Bella|87|51|96|77|311|77.75
411|ECE|Nicola|88|41|72|87|288|72.00
412|EEE|Lillian|84|82|56|88|310|77.50
413|CIVIL65|Julia|65|49|92|90|296|74.00
414|ECE|Bella|60|54|62|89|265|66.25
415|CSE|Joanne|60|86|87|78|311|77.75
416|ISE|Melie|88|74|78|71|311|77.75
417|ECE|Virnia|64|86|50|92|292|73.00
418|EEE|Dorothy|91|87|44|93|315|78.75
419|CIVIL89|Kathe|89|83|41|95|308|77.00
420|ECE|Fiona|84|58|42|79|263|65.75
421|CSE|Gabr|62|57|91|81|291|72.75
422|ISE|Sonia|86|59|40|70|255|63.75
423|ECE|Julia|95|78|57|75|305|76.25
424|EEE|Penepe|77|61|76|81|295|73.75
425|CIVIL69|Karen|69|39|79|83|270|67.50
426|ECE|Sophie|93|73|50|71|287|71.75
427|CSE|Irene|65|67|38|78|248|62.00
428|ISE|Sonia|74|78|39|72|263|65.75
429|ECE|Rachel|76|52|81|94|303|75.75
430|EEE|Joanne|93|61|90|72|316|79.00
431|CIVIL78|Angela|78|56|82|81|297|74.25
432|ECE|Caline|86|55|37|72|250|62.50
433|CSE|Karine|66|75|83|88|312|78.00
434|ISE|Miclle|84|77|37|90|288|72.00
435|ECE|Natalie|91|77|81|93|342|85.50
436|EEE|Carol|80|49|68|90|287|71.75
437|CIVIL73|Sophie|73|72|86|79|310|77.50
438|ECE|Karen|85|57|99|83|324|81.00
439|CSE|Diana|83|40|53|70|246|61.50
440|ISE|Pelope|75|42|84|97|298|74.50
441|ECE|Ruth|66|64|55|76|261|65.25
442|EEE|Santha|79|47|57|84|267|66.75
443|CIVIL68|Aigail|68|62|90|99|319|79.75
444|ECE|Oliva|61|59|99|75|294|73.50
445|CSE|Amanda|97|84|78|94|353|88.25
446|ISE|Lisa|70|64|51|88|273|68.25
447|ECE|Bertte|99|43|46|90|278|69.50
448|EEE|Jan|61|66|57|84|268|67.00
449|CIVIL68|Felity|68|76|68|74|286|71.50
450|ECE|Lisa|93|75|62|96|326|81.50
451|CSE|Carol|95|46|56|95|292|73.00
452|ISE|Audrey|69|58|82|70|279|69.75
453|ECE|Abigail|79|37|92|84|292|73.00
454|EEE|Olivia|60|69|44|93|266|66.50
455|CIVIL94|Fecity|94|89|63|82|328|82.00
456|ECE|Julia|79|69|63|76|287|71.75
457|CSE|Jasine|83|55|96|86|320|80.00
458|ISE|Lily|92|65|87|74|318|79.50
459|ECE|Eabeth|77|50|89|72|288|72.00
460|EEE|Diane|65|36|83|74|258|64.50
461|CIVIL99|Mary|99|78|92|70|339|84.75
462|ECE|Amanda|80|53|91|75|299|74.75
463|CSE|Jeifer|69|36|87|71|263|65.75
464|ISE|Megan|84|69|61|89|303|75.75
465|ECE|Lily|60|66|74|76|276|69.00
466|EEE|Deirdr|75|85|50|89|299|74.75
467|CIVIL97|Anne|97|47|59|86|289|72.25
468|ECE|Abigl|89|58|82|99|328|82.00
469|CSE|Lilian|72|45|83|75|275|68.75
470|ISE|Amy|77|55|73|98|303|75.75
471|ECE|Molly|64|35|91|96|286|71.50
472|EEE|Amanda|87|89|79|83|338|84.50
473|CIVIL73|Sarah|73|59|51|84|267|66.75
474|ECE|Emily|69|85|53|83|290|72.50
475|CSE|Sonia|62|77|35|80|254|63.50
476|ISE|Emily|92|68|47|91|298|74.50
477|ECE|Pippa|94|59|72|96|321|80.25
478|EEE|Caolyn|99|81|50|75|305|76.25
479|CIVIL73|Anne|73|50|36|82|241|60.25
480|ECE|Kathee|66|55|62|79|262|65.50
481|CSE|Thersa|84|42|45|89|260|65.00
482|ISE|Pippa|91|68|95|98|352|88.00
483|ECE|Jasmie|85|73|71|90|319|79.75
484|EEE|Megan|63|49|94|98|304|76.00
485|CIVIL98|Alison|98|41|97|73|309|77.25
486|ECE|Fiona|81|59|68|81|289|72.25
487|CSE|Tracey|70|79|91|78|318|79.50
488|ISE|Virnia|89|58|68|86|301|75.25
489|ECE|Axandra|94|80|97|85|356|89.00
490|EEE|Vanessa|68|63|48|93|272|68.00
491|CIVIL75|Una|75|50|49|89|263|65.75
492|ECE|Bella|74|63|73|97|307|76.75
493|CSE|Amelia|89|75|51|99|314|78.50
494|ISE|Una|70|36|99|95|300|75.00
495|ECE|Madele|63|58|63|82|266|66.50
496|EEE|Molly|93|44|94|80|311|77.75
497|CIVIL95|Heaher|95|80|98|90|363|90.75
498|ECE|Alendra|80|55|92|93|320|80.00
499|CSE|Amanda|98|80|96|71|345|86.25
500|ISE|Zoe|84|46|38|83|251|62.75
501|ECE|Audrey|61|69|99|89|318|79.50
502|EEE|Joan|87|81|70|89|327|81.75
503|CIVIL98|Ruth|98|75|70|91|334|83.50
504|ECE|Kberly|92|46|94|92|324|81.00
505|CSE|Jasmin|89|64|42|83|278|69.50
506|ISE|Eliz|86|43|42|90|261|65.25
507|ECE|Lillan|69|57|95|75|296|74.00
508|EEE|Sarah|86|43|71|72|272|68.00
509|CIVIL79|Wendy|79|67|65|76|287|71.75
510|ECE|Lily|86|39|87|96|308|77.00
511|CSE|Zoe|72|36|78|94|280|70.00
512|ISE|Santha|89|66|67|87|309|77.25
513|ECE|Faith|91|52|53|89|285|71.25
514|EEE|Elith|69|73|74|70|286|71.50
515|CIVIL60|Stean|60|88|64|91|303|75.75
516|ECE|Irene|94|45|57|81|277|69.25
517|CSE|Jasmine|82|40|67|82|271|67.75
518|ISE|Vicia|73|79|96|76|324|81.00
519|ECE|Abigail|72|84|40|96|292|73.00
520|EEE|Lily|81|42|64|81|268|67.00
521|CIVIL82|Therea|82|86|49|82|299|74.75
522|ECE|Natalie|74|47|96|81|298|74.50
523|CSE|Jessica|87|56|67|99|309|77.25
524|ISE|Madene|99|66|63|89|317|79.25
525|ECE|Sthanie|74|58|88|86|306|76.50
526|EEE|Amanda|73|40|98|92|303|75.75
527|CIVIL73|Aledra|73|41|69|99|282|70.50
528|ECE|Eabeth|99|38|63|70|270|67.50
529|CSE|Mari|61|52|68|76|257|64.25
530|ISE|Berntte|92|88|68|93|341|85.25
531|ECE|Grace|91|43|76|84|294|73.50
532|EEE|Diane|88|58|52|76|274|68.50
533|CIVIL74|Heathe|74|40|60|82|256|64.00
534|ECE|Melan|98|60|86|89|333|83.25
535|CSE|Ava|80|65|88|82|315|78.75
536|ISE|Steanie|99|48|62|83|292|73.00
537|ECE|Doothy|91|71|88|79|329|82.25
538|EEE|Rose|96|39|45|70|250|62.50
539|CIVIL89|Angela|89|59|98|98|344|86.00
540|ECE|Ella|99|73|67|81|320|80.00
541|CSE|Stepnie|83|53|37|83|256|64.00
542|ISE|Rose|77|35|40|75|227|56.75
543|ECE|Pelope|83|75|42|83|283|70.75
544|EEE|Andrea|68|75|45|91|279|69.75
545|CIVIL61|Molly|61|60|45|82|248|62.00
546|ECE|Herine|79|89|60|73|301|75.25
547|CSE|Ruth|90|54|58|97|299|74.75
548|ISE|Joanne|81|74|96|73|324|81.00
549|ECE|Rachel|77|62|46|97|282|70.50
550|EEE|Vtoria|63|75|95|85|318|79.50
551|CIVIL82|Melnie|82|59|54|96|291|72.75
552|ECE|Diane|65|41|95|79|280|70.00
553|CSE|Abigail|89|62|72|71|294|73.50
554|ISE|Karen|69|85|88|84|326|81.50
555|ECE|Samtha|76|73|70|88|307|76.75
556|EEE|Sonia|77|64|81|81|303|75.75
557|CIVIL73|Sue|73|75|77|95|320|80.00
558|ECE|Wendy|65|37|86|96|284|71.00
559|CSE|Abigai|84|81|76|89|330|82.50
560|ISE|Lisa|84|66|96|97|343|85.75
561|ECE|Carine|61|38|60|94|253|63.25
562|EEE|Diana|76|74|98|82|330|82.50
563|CIVIL94|Jesica|94|70|85|79|328|82.00
564|ECE|Anne|66|73|87|80|306|76.50
565|CSE|Melanie|75|70|37|99|281|70.25
566|ISE|Yvonne|81|66|80|75|302|75.50
567|ECE|Caoline|77|67|75|75|294|73.50
568|EEE|Audrey|98|47|66|83|294|73.50
569|CIVIL67|Carol|67|66|81|85|299|74.75
570|ECE|Lisa|79|82|40|91|292|73.00
571|CSE|Vioria|89|62|87|80|318|79.50
572|ISE|Sarah|81|69|89|70|309|77.25
573|ECE|Lillian|80|74|67|99|320|80.00
574|EEE|Diane|78|38|63|73|252|63.00
575|CIVIL97|Sue|97|84|53|72|306|76.50
576|ECE|Jan|68|74|52|87|281|70.25
577|CSE|Heaher|83|72|64|84|303|75.75
578|ISE|Diane|62|42|36|74|214|53.50
579|ECE|Vginia|66|45|43|83|237|59.25
580|EEE|Julia|88|72|51|76|287|71.75
581|CIVIL89|Carol|89|63|75|75|302|75.50
582|ECE|Lisa|69|77|92|96|334|83.50
583|CSE|Jane|88|83|60|86|317|79.25
584|ISE|Mary|73|83|62|90|308|77.00
585|ECE|Alison|98|68|83|96|345|86.25
586|EEE|Lilian|68|85|91|73|317|79.25
587|CIVIL83|Jenifr|83|74|80|75|312|78.00
588|ECE|Stepie|78|66|67|93|304|76.00
589|CSE|Carlyn|67|63|47|70|247|61.75
590|ISE|Anne|80|51|53|73|257|64.25
591|ECE|Jenner|79|58|35|92|264|66.00
592|EEE|Bedette|69|39|46|83|237|59.25
593|CIVIL73|Jener|73|62|89|90|314|78.50
594|ECE|Faith|89|71|57|81|298|74.50
595|CSE|Natalie|68|57|56|92|273|68.25
596|ISE|Vinia|88|51|88|96|323|80.75
597|ECE|Natalie|61|69|98|81|309|77.25
598|EEE|Angela|94|77|75|74|320|80.00
599|CIVIL67|Lisa|67|88|79|86|320|80.00
600|ECE|Fiona|64|39|71|88|262|65.50
601|CSE|Jan|78|36|57|78|249|62.25
602|ISE|Bedette|73|77|70|89|309|77.25
603|ECE|Yvonne|67|37|71|87|262|65.50
604|EEE|Wendy|72|39|78|87|276|69.00
605|CIVIL63|Angela|63|50|56|99|268|67.00
606|ECE|Kimberly|70|65|61|70|266|66.50
607|CSE|Stepnie|67|82|58|82|289|72.25
608|ISE|Mary|64|69|61|76|270|67.50
609|ECE|Amanda|84|68|36|70|258|64.50
610|EEE|Katherine|71|76|47|97|291|72.75
611|CIVIL63|Joan|63|84|53|88|288|72.00
612|ECE|Kylie|78|46|74|75|273|68.25
613|CSE|Victoria|99|58|38|81|276|69.00
614|ISE|Amanda|74|71|63|92|300|75.00
615|ECE|Amelia|82|44|44|84|254|63.50
616|EEE|Jennifer|96|90|97|83|366|91.50
617|CIVIL65|Maria|65|84|78|80|307|76.75
618|ECE|Sally|78|85|43|70|276|69.00
619|CSE|Chloe|78|68|62|79|287|71.75
620|ISE|Claire|96|45|76|92|309|77.25
621|ECE|Natalie|77|72|84|85|318|79.50
622|EEE|Theresa|62|77|76|73|288|72.00
623|CIVIL81|Kylie|81|68|67|89|305|76.25
624|ECE|Deirdre|63|74|70|88|295|73.75
625|CSE|Chloe|71|41|71|88|271|67.75
626|ISE|Bella|89|36|99|89|313|78.25
627|ECE|Molly|97|90|41|90|318|79.50
628|EEE|Virginia|89|42|91|81|303|75.75
629|CIVIL83|Zoe|83|61|53|79|276|69.00
630|ECE|Lisa|73|53|42|77|245|61.25
631|CSE|Rebecca|88|45|69|91|293|73.25
632|ISE|Carolyn|68|61|65|80|274|68.50
633|ECE|Lauren|97|41|42|90|270|67.50
634|EEE|Chloe|71|47|38|78|234|58.50
635|CIVIL68|Joan|68|45|61|91|265|66.25
636|ECE|Emily|69|51|83|74|277|69.25
637|CSE|Donna|85|44|61|79|269|67.25
638|ISE|Jane|97|56|93|82|328|82.00
639|ECE|Julia|81|73|61|70|285|71.25
640|EEE|Wanda|66|90|93|97|346|86.50
641|CIVIL81|Felicity|81|89|44|90|304|76.00
642|ECE|Theresa|61|41|90|95|287|71.75
643|CSE|Emily|85|89|74|97|345|86.25
644|ISE|Jessica|93|54|60|77|284|71.00
645|ECE|Angela|68|73|86|71|298|74.50
646|EEE|Felicity|96|87|92|72|347|86.75
647|CIVIL72|Anna|72|76|93|99|340|85.00
648|ECE|Angela|87|77|91|78|333|83.25
649|CSE|Chloe|78|37|52|84|251|62.75
650|ISE|Yvonne|93|54|93|91|331|82.75
651|ECE|Lauren|70|35|47|70|222|55.50
652|EEE|Alexandra|94|61|60|79|294|73.50
653|CIVIL77|Pippa|77|66|61|91|295|73.75
654|ECE|Carolyn|66|88|72|82|308|77.00
655|CSE|Claire|69|65|93|94|321|80.25
656|ISE|Wanda|97|83|46|99|325|81.25
657|ECE|Sonia|81|76|42|95|294|73.50
658|EEE|Amy|73|86|55|70|284|71.00
659|CIVIL68|Tracey|68|79|59|86|292|73.00
660|ECE|Katherine|77|86|66|85|314|78.50
661|CSE|Carol|83|52|95|74|304|76.00
662|ISE|Emily|64|85|86|78|313|78.25
663|ECE|Sally|92|86|96|88|362|90.50
664|EEE|Karen|86|57|97|92|332|83.00
665|CIVIL62|Natalie|62|81|94|94|331|82.75
666|ECE|Jane|73|67|38|78|256|64.00
667|CSE|Stephanie|66|68|48|97|279|69.75
668|ISE|Diane|64|50|36|77|227|56.75
669|ECE|Michelle|63|71|82|78|294|73.50
670|EEE|Anne|72|68|52|98|290|72.50
671|CIVIL74|Carol|74|41|70|95|280|70.00
672|ECE|Rose|67|64|35|74|240|60.00
673|CSE|Olivia|84|71|64|94|313|78.25
674|ISE|Julia|76|54|73|76|279|69.75
675|ECE|Bella|63|59|75|98|295|73.75
676|EEE|Wendy|72|57|65|80|274|68.50
677|CIVIL60|Lily|60|39|88|72|259|64.75
678|ECE|Rebecca|94|53|75|77|299|74.75
679|CSE|Irene|60|53|37|97|247|61.75
680|ISE|Chloe|75|62|79|74|290|72.50
681|ECE|Natalie|93|82|83|84|342|85.50
682|EEE|Samantha|88|81|67|93|329|82.25
683|CIVIL85|Dorothy|85|90|50|89|314|78.50
684|ECE|Jasmine|99|49|48|94|290|72.50
685|CSE|Yvonne|89|63|72|90|314|78.50
686|ISE|Maria|63|49|35|81|228|57.00
687|ECE|Jasmine|75|50|88|98|311|77.75
688|EEE|Tracey|70|66|78|90|304|76.00
689|CIVIL78|Jasmine|78|76|81|85|320|80.00
690|ECE|Elizabeth|64|81|84|82|311|77.75
691|CSE|Andrea|76|73|71|88|308|77.00
692|ISE|Caroline|61|58|78|70|267|66.75
693|ECE|Zoe|74|40|35|91|240|60.00
694|EEE|Carol|92|83|89|93|357|89.25
695|CIVIL71|Vanessa|71|50|52|96|269|67.25
696|ECE|Anne|67|46|66|85|264|66.00
697|CSE|Alexandra|87|72|70|90|319|79.75
698|ISE|Lisa|79|61|42|83|265|66.25
699|ECE|Gabrielle|75|76|90|73|314|78.50
700|EEE|Molly|66|59|59|81|265|66.25
701|CIVIL93|Stephanie|93|53|47|72|265|66.25
702|ECE|Hannah|89|52|35|79|255|63.75
703|CSE|Theresa|81|70|49|72|272|68.00
704|ISE|Pippa|73|42|61|73|249|62.25
705|ECE|Kimberly|78|77|82|92|329|82.25
706|EEE|Julia|71|80|62|75|288|72.00
707|CIVIL94|Angela|94|45|45|76|260|65.00
708|ECE|Lisa|87|70|86|72|315|78.75
709|CSE|Lillian|61|76|99|89|325|81.25
710|ISE|Claire|81|70|75|93|319|79.75
711|ECE|Alison|60|71|87|94|312|78.00
712|EEE|Victoria|78|39|53|84|254|63.50
713|CIVIL91|Rebecca|91|63|61|71|286|71.50
714|ECE|Irene|75|63|44|77|259|64.75
715|CSE|Anna|80|90|62|91|323|80.75
716|ISE|Amelia|60|39|60|83|242|60.50
717|ECE|Caroline|99|90|78|87|354|88.50
718|EEE|Alexandra|73|81|92|90|336|84.00
719|CIVIL77|Claire|77|52|59|95|283|70.75
720|ECE|Katherine|91|78|91|78|338|84.50
721|CSE|Rachel|85|61|84|81|311|77.75
722|ISE|Fiona|71|38|89|86|284|71.00
723|ECE|Jan|97|38|74|95|304|76.00
724|EEE|Lily|74|38|77|79|268|67.00
725|CIVIL87|Pippa|87|58|92|92|329|82.25
726|ECE|Natalie|94|58|85|96|333|83.25
727|CSE|Felicity|86|35|86|82|289|72.25
728|ISE|Nicola|95|46|57|80|278|69.50
729|ECE|Diana|99|89|66|83|337|84.25
730|EEE|Sally|64|84|77|74|299|74.75
731|CIVIL94|Maria|94|75|95|91|355|88.75
732|ECE|Mary|84|60|90|82|316|79.00
733|CSE|Grace|90|81|78|77|326|81.50
734|ISE|Lauren|89|61|84|83|317|79.25
735|ECE|Victoria|99|55|59|80|293|73.25
736|EEE|Carolyn|79|89|63|98|329|82.25
737|CIVIL97|Kylie|97|49|96|75|317|79.25
738|ECE|Joan|68|64|82|70|284|71.00
739|CSE|Jessica|96|50|46|80|272|68.00
740|ISE|Jasmine|90|66|45|84|285|71.25
741|ECE|Jan|89|75|68|96|328|82.00
742|EEE|Ella|99|42|75|98|314|78.50
743|CIVIL77|Theresa|77|43|64|88|272|68.00
744|ECE|Samantha|60|72|85|99|316|79.00
745|CSE|Leah|77|57|38|95|267|66.75
746|ISE|Alexandra|95|39|85|91|310|77.50
747|ECE|Carolyn|71|61|64|98|294|73.50
748|EEE|Alexandra|83|69|52|82|286|71.50
749|CIVIL98|Joan|98|67|94|78|337|84.25
750|ECE|Karen|97|57|51|89|294|73.50
751|CSE|Lily|86|49|35|74|244|61.00
752|ISE|Ava|78|47|53|88|266|66.50
753|ECE|Karen|96|90|83|92|361|90.25
754|EEE|Rachel|61|51|82|87|281|70.25
755|CIVIL88|Jasmine|88|84|82|70|324|81.00
756|ECE|Jan|84|51|83|82|300|75.00
757|CSE|Carolyn|98|63|81|90|332|83.00
758|ISE|Abigail|71|88|95|93|347|86.75
759|ECE|Donna|66|62|82|77|287|71.75
760|EEE|Penelope|68|47|66|82|263|65.75
761|CIVIL94|Katherine|94|89|80|99|362|90.50
762|ECE|Alexandra|64|88|61|78|291|72.75
763|CSE|Angela|60|50|50|87|247|61.75
764|ISE|Hannah|71|74|41|80|266|66.50
765|ECE|Jan|81|49|69|93|292|73.00
766|EEE|Ruth|72|78|52|90|292|73.00
767|CIVIL65|Rose|65|79|92|97|333|83.25
768|ECE|Ava|81|64|65|96|306|76.50
769|CSE|Sarah|77|39|84|83|283|70.75
770|ISE|Kimberly|77|60|59|98|294|73.50
771|ECE|Olivia|81|78|81|84|324|81.00
772|EEE|Emily|65|65|65|99|294|73.50
773|CIVIL70|Leah|70|84|59|75|288|72.00
774|ECE|Grace|87|35|90|70|282|70.50
775|CSE|Felicity|92|89|74|99|354|88.50
776|ISE|Jennifer|68|70|42|90|270|67.50
777|ECE|Andrea|94|69|85|79|327|81.75
778|EEE|Mary|63|59|89|78|289|72.25
779|CIVIL89|Anna|89|74|77|72|312|78.00
780|ECE|Julia|71|89|80|93|333|83.25
781|CSE|Ella|80|39|72|87|278|69.50
782|ISE|Karen|76|39|38|85|238|59.50
783|ECE|Natalie|90|40|98|96|324|81.00
784|EEE|Pippa|96|60|61|92|309|77.25
785|CIVIL81|Joanne|81|41|65|97|284|71.00
786|ECE|Gabrielle|61|66|51|93|271|67.75
787|CSE|Una|71|84|87|90|332|83.00
788|ISE|Bella|91|36|62|84|273|68.25
789|ECE|Vanessa|81|63|98|71|313|78.25
790|EEE|Heather|73|52|46|87|258|64.50
791|CIVIL71|Sue|71|61|71|81|284|71.00
792|ECE|Jennifer|64|59|87|73|283|70.75
793|CSE|Megan|65|63|39|78|245|61.25
794|ISE|Nicola|91|83|62|76|312|78.00
795|ECE|Kylie|95|60|88|82|325|81.25
796|EEE|Leah|66|50|63|70|249|62.25
797|CIVIL75|Katherine|75|48|72|74|269|67.25
798|ECE|Heather|93|62|65|74|294|73.50
799|CSE|Julia|75|36|51|90|252|63.00
800|ISE|Anne|84|78|71|81|314|78.50
801|ECE|Gabrielle|95|35|57|86|273|68.25
802|EEE|Emily|99|55|85|73|312|78.00
803|CIVIL65|Diana|65|68|94|78|305|76.25
804|ECE|Natalie|99|49|90|98|336|84.00
805|CSE|Wendy|89|72|75|93|329|82.25
806|ISE|Molly|67|82|55|95|299|74.75
807|ECE|Wanda|81|59|56|82|278|69.50
808|EEE|Emily|73|66|50|87|276|69.00
809|CIVIL78|Anne|78|82|88|87|335|83.75
810|ECE|Anne|71|57|97|92|317|79.25
811|CSE|Pippa|76|36|82|89|283|70.75
812|ISE|Yvonne|80|77|86|78|321|80.25
813|ECE|Deirdre|80|48|83|79|290|72.50
814|EEE|Sally|75|76|67|92|310|77.50
815|CIVIL97|Bernadette|97|78|52|73|300|75.00
816|ECE|Rachel|61|70|66|70|267|66.75
817|CSE|Rachel|82|74|58|79|293|73.25
818|ISE|Grace|80|78|66|79|303|75.75
819|ECE|Jessica|79|85|35|84|283|70.75
820|EEE|Amy|60|83|60|77|280|70.00
821|CIVIL90|Kimberly|90|78|83|97|348|87.00
822|ECE|Sophie|79|57|96|76|308|77.00
823|CSE|Zoe|73|76|62|80|291|72.75
824|ISE|Jennifer|94|65|83|74|316|79.00
825|ECE|Natalie|62|86|41|78|267|66.75
826|EEE|Joan|62|47|96|86|291|72.75
827|CIVIL65|Sarah|65|60|98|78|301|75.25
828|ECE|Wendy|68|47|99|82|296|74.00
829|CSE|Jane|94|82|55|90|321|80.25
830|ISE|Carolyn|61|36|66|83|246|61.50
831|ECE|Irene|67|48|39|93|247|61.75
832|EEE|Lillian|65|63|51|90|269|67.25
833|CIVIL91|Lauren|91|58|49|85|283|70.75
834|ECE|Anne|97|53|64|75|289|72.25
835|CSE|Alison|89|86|35|77|287|71.75
836|ISE|Nicola|94|41|72|83|290|72.50
837|ECE|Virginia|90|64|77|85|316|79.00
838|EEE|Anne|90|42|93|84|309|77.25
839|CIVIL90|Dorothy|90|37|86|80|293|73.25
840|ECE|Rachel|73|83|77|80|313|78.25
841|CSE|Alison|74|60|43|92|269|67.25
842|ISE|Claire|97|77|87|84|345|86.25
843|ECE|Leah|69|44|60|75|248|62.00
844|EEE|Kimberly|65|83|88|73|309|77.25
845|CIVIL97|Felicity|97|64|86|90|337|84.25
846|ECE|Caroline|75|55|51|78|259|64.75
847|CSE|Melanie|95|74|42|98|309|77.25
848|ISE|Stephanie|64|37|64|85|250|62.50
849|ECE|Yvonne|70|60|58|98|286|71.50
850|EEE|Wendy|64|68|62|78|272|68.00
851|CIVIL95|Bernadette|95|35|70|74|274|68.50
852|ECE|Wanda|94|58|93|91|336|84.00
853|CSE|Bernadette|78|57|77|81|293|73.25
854|ISE|Deirdre|80|84|86|99|349|87.25
855|ECE|Virginia|69|72|42|86|269|67.25
856|EEE|Alison|95|47|39|94|275|68.75
857|CIVIL68|Lisa|68|87|85|80|320|80.00
858|ECE|Samantha|71|83|82|81|317|79.25
859|CSE|Rebecca|89|46|42|81|258|64.50
860|ISE|Olivia|95|85|92|99|371|92.75
861|ECE|Carolyn|88|80|48|93|309|77.25
862|EEE|Emily|81|71|83|72|307|76.75
863|CIVIL97|Natalie|97|82|76|96|351|87.75
864|ECE|Maria|95|49|51|98|293|73.25
865|CSE|Emma|75|75|54|76|280|70.00
866|ISE|Jessica|68|47|43|99|257|64.25
867|ECE|Maria|74|64|72|92|302|75.50
868|EEE|Sarah|65|61|97|76|299|74.75
869|CIVIL87|Jessica|87|81|70|73|311|77.75
870|ECE|Pippa|98|40|88|84|310|77.50
871|CSE|Rose|63|57|77|90|287|71.75
872|ISE|Emily|81|74|52|75|282|70.50
873|ECE|Sonia|61|81|94|82|318|79.50
874|EEE|Kimberly|96|87|53|78|314|78.50
875|CIVIL65|Ella|65|65|45|82|257|64.25
876|ECE|Audrey|85|76|38|84|283|70.75
877|CSE|Ella|77|80|56|74|287|71.75
878|ISE|Vanessa|67|51|89|94|301|75.25
879|ECE|Sarah|77|50|62|80|269|67.25
880|EEE|Bella|99|64|40|82|285|71.25
881|CIVIL77|Diana|77|43|68|74|262|65.50
882|ECE|Felicity|96|81|95|90|362|90.50
883|CSE|Caroline|91|48|68|77|284|71.00
884|ISE|Deirdre|63|84|91|97|335|83.75
885|ECE|Leah|63|57|54|92|266|66.50
886|EEE|Madeleine|75|71|80|78|304|76.00
887|CIVIL72|Nicola|72|89|46|84|291|72.75
888|ECE|Samantha|76|65|41|99|281|70.25
889|CSE|Melanie|66|73|38|90|267|66.75
890|ISE|Alexandra|70|60|44|91|265|66.25
891|ECE|Una|86|56|92|91|325|81.25
892|EEE|Ava|96|54|76|83|309|77.25
893|CIVIL66|Claire|66|41|89|79|275|68.75
894|ECE|Rebecca|69|42|40|88|239|59.75
895|CSE|Sally|90|51|57|87|285|71.25
896|ISE|Kimberly|69|75|44|73|261|65.25
897|ECE|Penelope|97|68|98|79|342|85.50
898|EEE|Kylie|68|69|56|88|281|70.25
899|CIVIL81|Bernadette|81|77|80|88|326|81.50
900|ECE|Angela|81|56|95|95|327|81.75
901|CSE|Abigail|83|36|77|77|273|68.25
902|ISE|Rose|95|65|43|71|274|68.50
903|ECE|Vanessa|97|39|72|91|299|74.75
904|EEE|Chloe|75|77|74|95|321|80.25
905|CIVIL98|Faith|98|63|74|71|306|76.50
906|ECE|Sue|68|58|84|97|307|76.75
907|CSE|Dorothy|75|50|35|82|242|60.50
908|ISE|Carolyn|68|86|70|73|297|74.25
909|ECE|Kimberly|66|84|56|96|302|75.50
910|EEE|Caroline|69|36|54|84|243|60.75
911|CIVIL88|Virginia|88|62|49|70|269|67.25
912|ECE|Jessica|90|85|89|72|336|84.00
913|CSE|Sonia|99|48|48|99|294|73.50
914|ISE|Anna|96|72|57|97|322|80.50
915|ECE|Anne|64|62|98|98|322|80.50
916|EEE|Joan|83|68|53|97|301|75.25
917|CIVIL73|Diane|73|57|78|98|306|76.50
918|ECE|Olivia|86|48|63|70|267|66.75
919|CSE|Rachel|79|90|35|90|294|73.50
920|ISE|Audrey|98|68|58|81|305|76.25
921|ECE|Sonia|67|78|72|97|314|78.50
922|EEE|Theresa|89|45|59|99|292|73.00
923|CIVIL96|Claire|96|61|58|74|289|72.25
924|ECE|Diana|95|42|99|70|306|76.50
925|CSE|Emily|64|81|49|74|268|67.00
926|ISE|Lily|99|50|92|86|327|81.75
927|ECE|Madeleine|80|71|42|73|266|66.50
928|EEE|Bella|70|43|37|83|233|58.25
929|CIVIL94|Grace|94|61|52|78|285|71.25
930|ECE|Lauren|96|59|48|73|276|69.00
931|CSE|Jane|90|89|69|82|330|82.50
932|ISE|Angela|96|82|60|82|320|80.00
933|ECE|Grace|78|84|53|98|313|78.25
934|EEE|Olivia|64|74|60|96|294|73.50
935|CIVIL84|Wendy|84|62|86|85|317|79.25
936|ECE|Ruth|67|46|38|97|248|62.00
937|CSE|Olivia|68|46|82|72|268|67.00
938|ISE|Natalie|62|59|83|95|299|74.75
939|ECE|Vanessa|88|40|88|73|289|72.25
940|EEE|Grace|93|62|86|97|338|84.50
941|CIVIL71|Emma|71|68|70|81|290|72.50
942|ECE|Kimberly|96|38|99|88|321|80.25
943|CSE|Lillian|90|65|57|73|285|71.25
944|ISE|Irene|85|53|64|84|286|71.50
945|ECE|Anna|81|59|36|99|275|68.75
946|EEE|Samantha|84|78|63|97|322|80.50
947|CIVIL83|Stephanie|83|60|75|71|289|72.25
948|ECE|Jessica|88|77|64|80|309|77.25
949|CSE|Ruth|77|41|85|71|274|68.50
950|ISE|Emily|98|79|51|82|310|77.50
951|ECE|Dorothy|66|39|38|92|235|58.75
952|EEE|Diane|65|46|97|97|305|76.25
953|CIVIL96|Sonia|96|56|91|74|317|79.25
954|ECE|Virginia|74|57|71|91|293|73.25
955|CSE|Elizabeth|66|59|41|84|250|62.50
956|ISE|Amelia|63|86|65|85|299|74.75
957|ECE|Stephanie|65|42|39|71|217|54.25
958|EEE|Julia|64|82|47|94|287|71.75
959|CIVIL79|Sonia|79|76|35|99|289|72.25
960|ECE|Diane|76|59|49|96|280|70.00
961|CSE|Deirdre|78|37|89|82|286|71.50
962|ISE|Andrea|96|56|38|80|270|67.50
963|ECE|Sarah|92|78|53|81|304|76.00
964|EEE|Rose|74|45|87|72|278|69.50
965|CIVIL81|Jessica|81|51|70|70|272|68.00
966|ECE|Lillian|61|90|98|96|345|86.25
967|CSE|Lauren|90|52|54|78|274|68.50
968|ISE|Natalie|65|47|73|72|257|64.25
969|ECE|Sonia|81|70|35|85|271|67.75
970|EEE|Ella|61|48|51|83|243|60.75
971|CIVIL86|Fiona|86|45|44|94|269|67.25
972|ECE|Lillian|80|76|48|88|292|73.00
973|CSE|Ruth|85|56|37|74|252|63.00
974|ISE|Dorothy|97|41|48|83|269|67.25
975|ECE|Virginia|94|43|72|81|290|72.50
976|EEE|Bella|82|85|49|97|313|78.25
977|CIVIL99|Joan|99|60|47|96|302|75.50
978|ECE|Wanda|89|60|70|76|295|73.75
979|CSE|Alexandra|71|40|42|93|246|61.50
980|ISE|Elizabeth|86|36|39|83|244|61.00
981|ECE|Lauren|79|42|81|77|279|69.75
982|EEE|Olivia|91|90|87|92|360|90.00
983|CIVIL87|Gabrielle|87|43|77|91|298|74.50
984|ECE|Diana|83|74|77|70|304|76.00
985|CSE|Megan|90|78|93|74|335|83.75
986|ISE|Carol|74|76|70|94|314|78.50
987|ECE|Elizabeth|64|82|74|90|310|77.50
988|EEE|Madeleine|84|62|87|86|319|79.75
989|CIVIL84|Megan|84|85|52|96|317|79.25
990|ECE|Una|61|37|46|95|239|59.75
991|CSE|Hannah|79|42|75|84|280|70.00
992|ISE|Heather|92|57|93|73|315|78.75
993|ECE|Donna|94|74|81|90|339|84.75
994|EEE|Jennifer|99|58|45|90|292|73.00
995|CIVIL62|Diane|62|64|92|82|300|75.00
996|ECE|Pippa|98|84|95|86|363|90.75
997|CSE|Alison|74|68|47|81|270|67.50
998|ISE|Rachel|64|79|38|80|261|65.25
999|ECE|Karen|80|65|59|97|301|75.25
1000|EEE|Kylie|81|79|96|93|349|87.25
1001|CIVIL87|Sonia|87|55|97|87|326|81.50
1002|ECE|Pippa|88|51|91|72|302|75.50
1003|CSE|Jan|69|59|82|83|293|73.25
1004|ISE|Sue|76|42|48|72|238|59.50
1005|ECE|Heather|80|81|92|87|340|85.00
1006|EEE|Rose|89|42|75|76|282|70.50
1007|CIVIL94|Dorothy|94|61|66|70|291|72.75
1008|ECE|Julia|89|45|79|92|305|76.25
1009|CSE|Pippa|79|42|56|94|271|67.75
1010|ISE|Carolyn|75|78|70|88|311|77.75
1011|ECE|Jan|94|61|77|90|322|80.50
1012|EEE|Olivia|77|79|92|70|318|79.50
1013|CIVIL95|Jasmine|95|61|47|90|293|73.25
1014|ECE|Emma|88|36|52|75|251|62.75
1015|CSE|Lily|64|59|50|94|267|66.75
1016|ISE|Ava|65|59|76|81|281|70.25
1017|ECE|Dorothy|65|77|38|97|277|69.25
1018|EEE|Angela|66|53|68|86|273|68.25
1019|CIVIL88|Emily|88|55|44|95|282|70.50
1020|ECE|Lily|99|63|40|90|292|73.00
1021|CSE|Amy|81|64|64|88|297|74.25
1022|ISE|Emma|99|77|95|75|346|86.50
1023|ECE|Diana|73|35|51|71|230|57.50
1024|EEE|Diana|90|68|41|75|274|68.50
1025|CIVIL89|Alison|89|83|69|72|313|78.25
1026|ECE|Samantha|95|73|48|84|300|75.00
1027|CSE|Kimberly|85|51|61|85|282|70.50
1028|ISE|Mary|72|72|75|75|294|73.50
1029|ECE|Jan|77|77|55|95|304|76.00
1030|EEE|Andrea|89|62|39|79|269|67.25
1031|CIVIL94|Audrey|94|88|96|74|352|88.00
1032|ECE|Ruth|68|42|99|77|286|71.50
1033|CSE|Carol|81|48|55|92|276|69.00
1034|ISE|Gabrielle|77|43|42|71|233|58.25
1035|ECE|Amelia|82|58|91|80|311|77.75
1036|EEE|Heather|96|85|69|79|329|82.25
1037|CIVIL90|Jessica|90|57|83|71|301|75.25
1038|ECE|Maria|78|39|90|72|279|69.75
1039|CSE|Olivia|74|80|83|74|311|77.75
1040|ISE|Jessica|68|72|40|93|273|68.25
1041|ECE|Bernadette|65|50|52|95|262|65.50
1042|EEE|Katherine|90|36|66|80|272|68.00
1043|CIVIL83|Penelope|83|43|51|98|275|68.75
1044|ECE|Fiona|92|74|71|89|326|81.50
1045|CSE|Alison|76|42|36|97|251|62.75
1046|ISE|Jane|99|86|40|86|311|77.75
1047|ECE|Diane|95|50|35|79|259|64.75
1048|EEE|Kimberly|71|79|77|79|306|76.50
1049|CIVIL67|Penelope|67|61|73|77|278|69.50
1050|ECE|Bella|84|60|82|74|300|75.00
1051|CSE|Karen|60|89|57|76|282|70.50
1052|ISE|Diane|89|55|41|98|283|70.75
1053|ECE|Diane|62|78|74|78|292|73.00
1054|EEE|Heather|93|67|72|84|316|79.00
1055|CIVIL64|Fiona|64|67|90|92|313|78.25
1056|ECE|Vanessa|79|62|49|84|274|68.50
1057|CSE|Grace|78|85|94|74|331|82.75
1058|ISE|Jane|80|87|37|72|276|69.00
1059|ECE|Melanie|62|72|49|82|265|66.25
1060|EEE|Melanie|79|45|40|70|234|58.50
1061|CIVIL78|Diane|78|52|50|71|251|62.75
1062|ECE|Irene|71|55|73|97|296|74.00
1063|CSE|Virginia|85|79|60|94|318|79.50
1064|ISE|Sarah|93|81|92|97|363|90.75
1065|ECE|Samantha|94|81|88|96|359|89.75
1066|EEE|Victoria|90|65|99|83|337|84.25
1067|CIVIL83|Penelope|83|54|77|85|299|74.75
1068|ECE|Jan|83|83|50|98|314|78.50
1069|CSE|Gabrielle|88|82|76|74|320|80.00
1070|ISE|Lillian|99|44|44|82|269|67.25
1071|ECE|Carolyn|96|82|75|80|333|83.25
1072|EEE|Molly|99|55|55|89|298|74.50
1073|CIVIL82|Abigail|82|74|80|71|307|76.75
1074|ECE|Hannah|77|85|53|83|298|74.50
1075|CSE|Julia|88|51|44|77|260|65.00
1076|ISE|Leah|80|69|54|72|275|68.75
1077|ECE|Caroline|94|77|88|92|351|87.75
1078|EEE|Emma|74|52|69|73|268|67.00
1079|CIVIL95|Chloe|95|38|73|72|278|69.50
1080|ECE|Caroline|86|43|56|89|274|68.50
1081|CSE|Ruth|98|58|49|99|304|76.00
1082|ISE|Abigail|60|80|48|84|272|68.00
1083|ECE|Jane|66|41|97|80|284|71.00
1084|EEE|Leah|94|79|40|88|301|75.25
1085|CIVIL80|Deirdre|80|73|59|96|308|77.00
1086|ECE|Emily|99|71|50|86|306|76.50
1087|CSE|Jan|78|89|60|72|299|74.75
1088|ISE|Karen|71|87|64|84|306|76.50
1089|ECE|Lillian|66|46|40|85|237|59.25
1090|EEE|Lisa|84|76|62|75|297|74.25
1091|CIVIL89|Caroline|89|64|42|82|277|69.25
1092|ECE|Bella|68|79|70|80|297|74.25
1093|CSE|Chloe|73|43|42|92|250|62.50
1094|ISE|Lily|81|45|41|95|262|65.50
1095|ECE|Pippa|97|57|58|86|298|74.50
1096|EEE|Leah|98|39|83|89|309|77.25
1097|CIVIL87|Sarah|87|51|94|75|307|76.75
1098|ECE|Melanie|70|49|76|85|280|70.00
1099|CSE|Faith|95|54|48|97|294|73.50
1100|ISE|Leah|68|55|41|88|252|63.00
1101|ECE|Emma|65|90|77|90|322|80.50
1102|EEE|Kylie|89|43|89|74|295|73.75
1103|CIVIL71|Kylie|71|44|66|90|271|67.75
1104|ECE|Yvonne|69|48|60|95|272|68.00
1105|CSE|Diana|86|62|73|92|313|78.25
1106|ISE|Emma|68|89|42|97|296|74.00
1107|ECE|Alison|89|71|67|74|301|75.25
1108|EEE|Claire|87|69|54|82|292|73.00
1109|CIVIL73|Samantha|73|77|62|82|294|73.50
1110|ECE|Rachel|84|58|38|98|278|69.50
1111|CSE|Audrey|66|41|35|83|225|56.25
1112|ISE|Jane|86|90|93|95|364|91.00
1113|ECE|Victoria|88|71|96|71|326|81.50
1114|EEE|Natalie|75|47|91|91|304|76.00
1115|CIVIL82|Amanda|82|84|90|88|344|86.00
1116|ECE|Samantha|93|40|78|74|285|71.25
1117|CSE|Carolyn|65|80|35|97|277|69.25
1118|ISE|Amy|87|40|70|82|279|69.75
1119|ECE|Angela|85|40|87|71|283|70.75
1120|EEE|Tracey|62|49|75|71|257|64.25
1121|CIVIL64|Wanda|64|54|66|92|276|69.00
1122|ECE|Caroline|87|53|89|79|308|77.00
1123|CSE|Rebecca|99|66|49|88|302|75.50
1124|ISE|Amelia|65|47|40|81|233|58.25
1125|ECE|Samantha|93|49|86|84|312|78.00
1126|EEE|Andrea|75|88|80|89|332|83.00
1127|CIVIL70|Bernadette|70|59|65|90|284|71.00
1128|ECE|Lily|90|69|68|86|313|78.25
1129|CSE|Amelia|72|39|63|93|267|66.75
1130|ISE|Donna|81|84|60|99|324|81.00
1131|ECE|Jan|99|80|66|83|328|82.00
1132|EEE|Lillian|78|58|44|82|262|65.50
1133|CIVIL88|Molly|88|39|40|93|260|65.00
1134|ECE|Sarah|74|86|71|78|309|77.25
1135|CSE|Michelle|66|47|63|98|274|68.50
1136|ISE|Claire|88|38|50|70|246|61.50
1137|ECE|Jennifer|74|70|74|96|314|78.50
1138|EEE|Amelia|82|60|79|77|298|74.50
1139|CIVIL84|Lauren|84|60|79|74|297|74.25
1140|ECE|Angela|78|54|96|84|312|78.00
1141|CSE|Ruth|94|54|55|84|287|71.75
1142|ISE|Claire|63|49|55|85|252|63.00
1143|ECE|Virginia|81|55|86|88|310|77.50
1144|EEE|Tracey|89|89|75|76|329|82.25
1145|CIVIL61|Wendy|61|83|50|73|267|66.75
1146|ECE|Fiona|76|84|71|73|304|76.00
1147|CSE|Una|62|72|40|87|261|65.25
1148|ISE|Sonia|88|67|64|88|307|76.75
1149|ECE|Zoe|82|61|71|71|285|71.25
1150|EEE|Lillian|67|58|75|97|297|74.25
1151|CIVIL69|Angela|69|49|65|71|254|63.50
1152|ECE|Nicola|93|81|70|94|338|84.50
1153|CSE|Rebecca|89|45|46|79|259|64.75
1154|ISE|Kimberly|87|57|55|77|276|69.00
1155|ECE|Anna|99|70|96|77|342|85.50
1156|EEE|Carol|63|35|77|90|265|66.25
1157|CIVIL85|Ruth|85|41|53|99|278|69.50
1158|ECE|Pippa|83|43|62|74|262|65.50
1159|CSE|Rebecca|98|44|76|92|310|77.50
1160|ISE|Angela|93|59|73|93|318|79.50
1161|ECE|Theresa|67|62|48|74|251|62.75
1162|EEE|Wanda|63|72|62|71|268|67.00
1163|CIVIL70|Bernadette|70|55|85|99|309|77.25
1164|ECE|Amelia|89|89|35|87|300|75.00
1165|CSE|Amy|99|43|94|87|323|80.75
1166|ISE|Wendy|80|73|51|85|289|72.25
1167|ECE|Anne|70|35|61|73|239|59.75
1168|EEE|Alexandra|64|89|43|86|282|70.50
1169|CIVIL70|Rose|70|76|87|80|313|78.25
1170|ECE|Elizabeth|89|52|92|97|330|82.50
1171|CSE|Molly|60|87|45|96|288|72.00
1172|ISE|Abigail|65|51|82|75|273|68.25
1173|ECE|Una|61|63|64|95|283|70.75
1174|EEE|Andrea|86|84|81|76|327|81.75
1175|CIVIL97|Fiona|97|44|65|87|293|73.25
1176|ECE|Deirdre|75|45|38|92|250|62.50
1177|CSE|Jessica|61|61|87|70|279|69.75
1178|ISE|Una|68|89|79|82|318|79.50
1179|ECE|Elizabeth|95|58|91|72|316|79.00
1180|EEE|Audrey|85|36|47|86|254|63.50
1181|CIVIL88|Karen|88|88|54|79|309|77.25
1182|ECE|Samantha|87|79|40|98|304|76.00
1183|CSE|Lily|89|62|55|88|294|73.50
1184|ISE|Mary|83|59|55|71|268|67.00
1185|ECE|Stephanie|76|86|96|90|348|87.00
1186|EEE|Bernadette|91|88|81|85|345|86.25
1187|CIVIL98|Tracey|98|72|77|81|328|82.00
1188|ECE|Felicity|86|74|78|85|323|80.75
1189|CSE|Claire|76|56|67|95|294|73.50
1190|ISE|Grace|77|75|50|70|272|68.00
1191|ECE|Audrey|99|78|42|86|305|76.25
1192|EEE|Michelle|82|41|98|90|311|77.75
1193|CIVIL77|Sue|77|57|54|89|277|69.25
1194|ECE|Audrey|92|82|38|95|307|76.75
1195|CSE|Amelia|61|80|71|83|295|73.75
1196|ISE|Lillian|92|67|87|92|338|84.50
1197|ECE|Chloe|60|69|42|76|247|61.75
1198|EEE|Nicola|74|42|57|92|265|66.25
1199|CIVIL96|Virginia|96|43|56|96|291|72.75
1200|ECE|Carol|77|68|76|74|295|73.75
1201|CSE|Claire|83|54|89|74|300|75.00
1202|ISE|Anna|82|60|69|86|297|74.25
1203|ECE|Rose|72|67|54|91|284|71.00
1204|EEE|Heather|63|86|75|78|302|75.50
1205|CIVIL75|Mary|75|54|40|86|255|63.75
1206|ECE|Faith|99|75|68|88|330|82.50
1207|CSE|Megan|88|77|77|79|321|80.25
1208|ISE|Carolyn|91|85|48|88|312|78.00
1209|ECE|Audrey|87|39|67|80|273|68.25
1210|EEE|Hannah|71|46|72|82|271|67.75
1211|CIVIL67|Jessica|67|48|97|94|306|76.50
1212|ECE|Diane|89|88|67|71|315|78.75
1213|CSE|Wendy|91|76|36|97|300|75.00
1214|ISE|Joanne|90|64|78|77|309|77.25
1215|ECE|Victoria|83|42|87|90|302|75.50
1216|EEE|Pippa|95|78|56|88|317|79.25
1217|CIVIL88|Claire|88|69|51|92|300|75.00
1218|ECE|Amy|69|68|53|85|275|68.75
1219|CSE|Emily|84|52|94|79|309|77.25
1220|ISE|Molly|95|72|92|85|344|86.00
1221|ECE|Deirdre|60|87|91|81|319|79.75
1222|EEE|Angela|93|36|42|74|245|61.25
1223|CIVIL73|Megan|73|87|60|85|305|76.25
1224|ECE|Ella|78|53|86|78|295|73.75
1225|CSE|Lauren|66|63|37|87|253|63.25
1226|ISE|Penelope|70|90|63|92|315|78.75
1227|ECE|Anne|78|81|36|81|276|69.00
1228|EEE|Ella|90|68|41|76|275|68.75
1229|CIVIL65|Donna|65|90|35|79|269|67.25
1230|ECE|Nicola|80|58|89|93|320|80.00
1231|CSE|Faith|93|71|73|74|311|77.75
1232|ISE|Mary|77|56|79|91|303|75.75
1233|ECE|Amanda|90|83|96|71|340|85.00
1234|EEE|Hannah|72|64|46|75|257|64.25
1235|CIVIL73|Jennifer|73|48|59|75|255|63.75
1236|ECE|Amelia|70|41|64|99|274|68.50
1237|CSE|Fiona|65|87|38|78|268|67.00
1238|ISE|Bella|68|84|58|80|290|72.50
1239|ECE|Sarah|67|43|89|78|277|69.25
1240|EEE|Ella|73|46|52|75|246|61.50
1241|CIVIL71|Diana|71|42|68|99|280|70.00
1242|ECE|Ella|95|71|80|91|337|84.25
1243|CSE|Emily|76|72|49|86|283|70.75
1244|ISE|Gabrielle|94|64|88|73|319|79.75
1245|ECE|Kimberly|99|74|92|94|359|89.75
1246|EEE|Maria|74|56|72|76|278|69.50
1247|CIVIL77|Stephanie|77|48|77|74|276|69.00
1248|ECE|Victoria|76|37|41|81|235|58.75
1249|CSE|Sophie|80|68|38|94|280|70.00
1250|ISE|Amelia|97|37|35|80|249|62.25
1251|ECE|Una|76|60|64|87|287|71.75
1252|EEE|Amy|88|46|76|70|280|70.00
1253|CIVIL87|Bernadette|87|81|58|77|303|75.75
1254|ECE|Joan|74|63|93|95|325|81.25
1255|CSE|Theresa|89|38|62|81|270|67.50
1256|ISE|Maria|92|66|85|82|325|81.25
1257|ECE|Michelle|60|81|43|88|272|68.00
1258|EEE|Fiona|69|86|78|90|323|80.75
1259|CIVIL68|Megan|68|68|51|91|278|69.50
1260|ECE|Zoe|68|78|53|92|291|72.75
1261|CSE|Wanda|77|85|49|76|287|71.75
1262|ISE|Ruth|95|69|94|93|351|87.75
1263|ECE|Megan|87|58|45|72|262|65.50
1264|EEE|Bella|66|75|62|84|287|71.75
1265|CIVIL79|Rebecca|79|86|45|78|288|72.00
1266|ECE|Claire|89|76|41|87|293|73.25
1267|CSE|Mary|78|63|66|71|278|69.50
1268|ISE|Sarah|98|46|71|87|302|75.50
1269|ECE|Deirdre|62|68|83|97|310|77.50
1270|EEE|Emily|95|72|74|94|335|83.75
1271|CIVIL71|Una|71|87|68|73|299|74.75
1272|ECE|Kylie|94|88|62|99|343|85.75
1273|CSE|Kimberly|69|51|80|72|272|68.00
1274|ISE|Sophie|71|80|77|73|301|75.25
1275|ECE|Theresa|86|87|59|77|309|77.25
1276|EEE|Julia|91|47|58|97|293|73.25
1277|CIVIL68|Rachel|68|86|88|72|314|78.50
1278|ECE|Samantha|67|68|79|93|307|76.75
1279|CSE|Abigail|82|43|90|84|299|74.75
1280|ISE|Bernadette|65|49|46|89|249|62.25
1281|ECE|Lillian|80|64|94|92|330|82.50
1282|EEE|Madeleine|73|86|74|91|324|81.00
1283|CIVIL84|Carol|84|56|42|97|279|69.75
1284|ECE|Sophie|93|85|67|86|331|82.75
1285|CSE|Abigail|72|70|45|73|260|65.00
1286|ISE|Alexandra|96|69|84|70|319|79.75
1287|ECE|Amelia|93|89|74|86|342|85.50
1288|EEE|Claire|82|81|78|90|331|82.75
1289|CIVIL91|Victoria|91|80|94|87|352|88.00
1290|ECE|Sonia|60|51|59|91|261|65.25
1291|CSE|Bernadette|62|89|48|89|288|72.00
1292|ISE|Grace|68|45|92|75|280|70.00
1293|ECE|Virginia|99|35|37|95|266|66.50
1294|EEE|Lillian|69|57|78|77|281|70.25
1295|CIVIL93|Wendy|93|54|77|86|310|77.50
1296|ECE|Ava|88|75|37|76|276|69.00
1297|CSE|Pippa|60|89|81|75|305|76.25
1298|ISE|Ella|94|41|48|99|282|70.50
1299|ECE|Kimberly|76|38|51|86|251|62.75
1300|EEE|Amanda|72|61|82|90|305|76.25
1301|CIVIL64|Joanne|64|44|47|92|247|61.75
1302|ECE|Claire|66|62|66|70|264|66.00
1303|CSE|Audrey|60|43|65|94|262|65.50
1304|ISE|Grace|97|80|44|89|310|77.50
1305|ECE|Dorothy|91|62|74|83|310|77.50
1306|EEE|Rachel|98|57|64|88|307|76.75
1307|CIVIL94|Gabrielle|94|70|42|90|296|74.00
1308|ECE|Lisa|88|36|61|87|272|68.00
1309|CSE|Ava|90|76|99|93|358|89.50
1310|ISE|Carolyn|68|55|84|73|280|70.00
1311|ECE|Stephanie|83|85|62|95|325|81.25
1312|EEE|Michelle|86|82|82|82|332|83.00
1313|CIVIL75|Zoe|75|39|75|88|277|69.25
1314|ECE|Rose|84|90|48|98|320|80.00
1315|CSE|Olivia|88|65|71|99|323|80.75
1316|ISE|Lisa|72|47|62|72|253|63.25
1317|ECE|Julia|94|67|58|93|312|78.00
1318|EEE|Ella|85|90|91|72|338|84.50
1319|CIVIL81|Grace|81|80|98|98|357|89.25
1320|ECE|Sally|97|79|96|75|347|86.75
1321|CSE|Audrey|92|58|90|95|335|83.75
1322|ISE|Pippa|94|63|63|70|290|72.50
1323|ECE|Sophie|78|44|73|93|288|72.00
1324|EEE|Sophie|81|81|37|74|273|68.25
1325|CIVIL81|Sally|81|55|84|79|299|74.75
1326|ECE|Penelope|98|78|86|89|351|87.75
1327|CSE|Chloe|96|67|37|76|276|69.00
1328|ISE|Fiona|92|64|45|77|278|69.50
1329|ECE|Audrey|91|37|88|92|308|77.00
1330|EEE|Bella|63|36|46|75|220|55.00
1331|CIVIL79|Molly|79|82|60|70|291|72.75
1332|ECE|Lillian|80|55|58|75|268|67.00
1333|CSE|Jessica|93|49|64|83|289|72.25
1334|ISE|Pippa|61|49|69|79|258|64.50
1335|ECE|Vanessa|65|48|35|83|231|57.75
1336|EEE|Kimberly|75|36|44|95|250|62.50
1337|CIVIL87|Vanessa|87|89|50|88|314|78.50
1338|ECE|Ava|95|79|82|88|344|86.00
1339|CSE|Sophie|78|64|74|93|309|77.25
1340|ISE|Sally|68|81|99|96|344|86.00
1341|ECE|Theresa|60|70|46|75|251|62.75
1342|EEE|Sue|62|55|37|85|239|59.75
1343|CIVIL73|Jessica|73|68|78|81|300|75.00
1344|ECE|Victoria|88|58|82|71|299|74.75
1345|CSE|Michelle|95|68|53|75|291|72.75
1346|ISE|Jan|67|56|97|71|291|72.75
1347|ECE|Emma|75|42|38|94|249|62.25
1348|EEE|Molly|75|46|40|78|239|59.75
1349|CIVIL90|Chloe|90|41|74|98|303|75.75
1350|ECE|Una|61|89|66|98|314|78.50
1351|CSE|Karen|68|38|71|91|268|67.00
1352|ISE|Ava|99|39|92|93|323|80.75
1353|ECE|Amy|88|72|60|93|313|78.25
1354|EEE|Elizabeth|71|49|69|73|262|65.50
1355|CIVIL68|Sally|68|41|41|83|233|58.25
1356|ECE|Katherine|95|37|38|93|263|65.75
1357|CSE|Sophie|94|49|99|76|318|79.50
1358|ISE|Irene|71|79|63|76|289|72.25
1359|ECE|Diane|95|43|46|86|270|67.50
1360|EEE|Samantha|66|45|90|79|280|70.00
1361|CIVIL95|Rachel|95|35|85|97|312|78.00
1362|ECE|Gabrielle|61|80|94|99|334|83.50
1363|CSE|Yvonne|73|48|99|84|304|76.00
1364|ISE|Chloe|82|55|67|84|288|72.00
1365|ECE|Gabrielle|62|70|36|95|263|65.75
1366|EEE|Carolyn|81|70|89|73|313|78.25
1367|CIVIL77|Diana|77|88|36|85|286|71.50
1368|ECE|Gabrielle|99|82|51|85|317|79.25
1369|CSE|Elizabeth|93|67|41|89|290|72.50
1370|ISE|Theresa|76|40|69|70|255|63.75
1371|ECE|Tracey|92|64|81|70|307|76.75
1372|EEE|Victoria|71|78|48|74|271|67.75
1373|CIVIL78|Lily|78|71|81|80|310|77.50
1374|ECE|Vanessa|63|65|62|85|275|68.75
1375|CSE|Irene|81|37|61|85|264|66.00
1376|ISE|Grace|90|37|42|70|239|59.75
1377|ECE|Ruth|88|85|44|79|296|74.00
1378|EEE|Leah|74|56|93|93|316|79.00
1379|CIVIL87|Audrey|87|85|82|80|334|83.50
1380|ECE|Amanda|64|39|45|93|241|60.25
1381|CSE|Alexandra|62|85|81|87|315|78.75
1382|ISE|Heather|84|55|39|94|272|68.00
1383|ECE|Rachel|81|50|36|75|242|60.50
1384|EEE|Amanda|64|54|82|78|278|69.50
1385|CIVIL60|Tracey|60|36|66|80|242|60.50
1386|ECE|Carolyn|79|71|47|94|291|72.75
1387|CSE|Kimberly|80|66|85|81|312|78.00
1388|ISE|Pippa|69|47|85|96|297|74.25
1389|ECE|Bella|81|89|96|92|358|89.50
1390|EEE|Chloe|60|39|70|84|253|63.25
1391|CIVIL67|Michelle|67|49|47|82|245|61.25
1392|ECE|Abigail|71|65|48|94|278|69.50
1393|CSE|Samantha|77|42|42|98|259|64.75
1394|ISE|Sarah|88|75|95|89|347|86.75
1395|ECE|Emma|80|51|67|88|286|71.50
1396|EEE|Anna|70|78|78|97|323|80.75
1397|CIVIL66|Melanie|66|57|56|75|254|63.50
1398|ECE|Virginia|87|42|63|76|268|67.00
1399|CSE|Emily|64|87|87|84|322|80.50
1400|ISE|Abigail|61|72|37|88|258|64.50
1401|ECE|Yvonne|72|41|35|97|245|61.25
1402|EEE|Felicity|64|52|97|73|286|71.50
1403|CIVIL77|Diane|77|75|63|73|288|72.00
1404|ECE|Amelia|67|73|44|85|269|67.25
1405|CSE|Melanie|60|41|89|71|261|65.25
1406|ISE|Sophie|92|35|53|83|263|65.75
1407|ECE|Sarah|76|56|60|96|288|72.00
1408|EEE|Sonia|81|77|73|95|326|81.50
1409|CIVIL91|Wanda|91|69|37|98|295|73.75
1410|ECE|Jane|88|63|89|95|335|83.75
1411|CSE|Sophie|64|56|95|85|300|75.00
1412|ISE|Carolyn|70|39|96|93|298|74.50
1413|ECE|Pippa|88|90|59|93|330|82.50
1414|EEE|Amy|90|65|56|99|310|77.50
1415|CIVIL66|Sonia|66|65|91|84|306|76.50
1416|ECE|Ella|60|36|53|98|247|61.75
1417|CSE|Olivia|85|55|95|80|315|78.75
1418|ISE|Zoe|60|51|63|85|259|64.75
1419|ECE|Diana|81|80|74|90|325|81.25
1420|EEE|Grace|91|49|80|72|292|73.00
1421|CIVIL90|Michelle|90|73|57|95|315|78.75
1422|ECE|Maria|74|50|42|85|251|62.75
1423|CSE|Yvonne|97|49|61|95|302|75.50
1424|ISE|Elizabeth|98|80|38|82|298|74.50
1425|ECE|Grace|81|57|85|88|311|77.75
1426|EEE|Gabrielle|66|83|72|79|300|75.00
1427|CIVIL75|Ella|75|80|66|89|310|77.50
1428|ECE|Melanie|64|62|41|87|254|63.50
1429|CSE|Victoria|85|66|77|75|303|75.75
1430|ISE|Michelle|97|39|71|92|299|74.75
1431|ECE|Dorothy|89|73|47|87|296|74.00
1432|EEE|Madeleine|90|85|76|96|347|86.75
1433|CIVIL87|Katherine|87|78|97|86|348|87.00
1434|ECE|Theresa|61|79|86|76|302|75.50
1435|CSE|Rose|78|74|79|82|313|78.25
1436|ISE|Bella|76|78|97|81|332|83.00
1437|ECE|Lisa|73|38|75|98|284|71.00
1438|EEE|Emily|69|35|53|70|227|56.75
1439|CIVIL80|Alexandra|80|42|87|96|305|76.25
1440|ECE|Deirdre|99|41|88|82|310|77.50
1441|CSE|Caroline|68|49|89|84|290|72.50
1442|ISE|Tracey|63|61|80|87|291|72.75
1443|ECE|Pippa|76|68|48|90|282|70.50
1444|EEE|Abigail|94|69|71|97|331|82.75
1445|CIVIL95|Lauren|95|66|43|80|284|71.00
1446|ECE|Natalie|88|40|79|88|295|73.75
1447|CSE|Katherine|83|53|77|92|305|76.25
1448|ISE|Natalie|72|49|84|96|301|75.25
1449|ECE|Abigail|71|69|48|80|268|67.00
1450|EEE|Rachel|85|79|35|76|275|68.75
1451|CIVIL92|Katherine|92|43|43|86|264|66.00
1452|ECE|Lillian|84|54|85|98|321|80.25
1453|CSE|Carol|83|48|43|96|270|67.50
1454|ISE|Faith|75|70|72|88|305|76.25
1455|ECE|Rose|95|90|74|86|345|86.25
1456|EEE|Bernadette|73|80|65|76|294|73.50
1457|CIVIL92|Emily|92|74|99|75|340|85.00
1458|ECE|Wendy|95|57|71|99|322|80.50
1459|CSE|Virginia|92|60|45|81|278|69.50
1460|ISE|Amy|71|46|47|86|250|62.50
1461|ECE|Amelia|61|53|62|87|263|65.75
1462|EEE|Felicity|97|72|57|92|318|79.50
1463|CIVIL92|Kylie|92|89|80|88|349|87.25
1464|ECE|Anne|63|67|97|79|306|76.50
1465|CSE|Samantha|72|72|90|88|322|80.50
1466|ISE|Carolyn|98|87|89|75|349|87.25
1467|ECE|Irene|77|75|57|82|291|72.75
1468|EEE|Katherine|91|54|58|92|295|73.75
1469|CIVIL76|Olivia|76|69|47|82|274|68.50
1470|ECE|Jessica|60|73|40|81|254|63.50
1471|CSE|Madeleine|97|65|75|75|312|78.00
1472|ISE|Bella|90|37|52|74|253|63.25
1473|ECE|Sonia|63|43|52|96|254|63.50
1474|EEE|Anna|74|78|59|77|288|72.00
1475|CIVIL84|Carol|84|56|53|78|271|67.75
1476|ECE|Theresa|73|83|53|95|304|76.00
1477|CSE|Mary|93|57|54|76|280|70.00
1478|ISE|Amelia|75|67|48|78|268|67.00
1479|ECE|Madeleine|67|54|80|95|296|74.00
1480|EEE|Amanda|89|52|80|89|310|77.50
1481|CIVIL72|Nicola|72|80|50|90|292|73.00
1482|ECE|Rebecca|84|54|84|86|308|77.00
1483|CSE|Sophie|97|78|79|87|341|85.25
1484|ISE|Jane|78|80|55|75|288|72.00
1485|ECE|Julia|94|75|37|82|288|72.00
1486|EEE|Sally|90|79|36|83|288|72.00
1487|CIVIL96|Alison|96|87|95|70|348|87.00
1488|ECE|Melanie|84|46|92|73|295|73.75
1489|CSE|Emily|97|88|88|94|367|91.75
1490|ISE|Melanie|95|78|36|84|293|73.25
1491|ECE|Megan|70|82|74|94|320|80.00
1492|EEE|Dorothy|90|75|93|90|348|87.00
1493|CIVIL83|Wendy|83|60|73|73|289|72.25
1494|ECE|Andrea|79|72|68|86|305|76.25
1495|CSE|Deirdre|89|71|57|95|312|78.00
1496|ISE|Jan|82|57|64|79|282|70.50
1497|ECE|Grace|61|50|71|78|260|65.00
1498|EEE|Virginia|77|72|40|79|268|67.00
1499|CIVIL92|Joanne|92|81|51|80|304|76.00
1500|ECE|Carolyn|60|90|87|70|307|76.75
1501|CSE|Diane|68|48|77|71|264|66.00
1502|ISE|Pippa|89|76|62|75|302|75.50
1503|ECE|Joan|83|64|56|85|288|72.00
1504|EEE|Sophie|90|43|75|83|291|72.75
1505|CIVIL98|Yvonne|98|73|76|88|335|83.75
1506|ECE|Ella|95|84|74|80|333|83.25
1507|CSE|Karen|72|85|76|87|320|80.00
1508|ISE|Leah|65|63|39|72|239|59.75
1509|ECE|Andrea|80|69|72|91|312|78.00
1510|EEE|Diane|99|70|47|80|296|74.00
1511|CIVIL87|Irene|87|71|36|90|284|71.00
1512|ECE|Rebecca|76|57|53|81|267|66.75
1513|CSE|Victoria|93|37|56|97|283|70.75
1514|ISE|Ruth|65|90|80|79|314|78.50
1515|ECE|Joan|67|35|95|70|267|66.75
1516|EEE|Andrea|92|37|40|97|266|66.50
1517|CIVIL95|Alexandra|95|85|51|86|317|79.25
1518|ECE|Felicity|81|43|85|88|297|74.25
1519|CSE|Sue|78|90|38|71|277|69.25
1520|ISE|Megan|94|83|48|91|316|79.00
1521|ECE|Pippa|92|47|50|70|259|64.75
1522|EEE|Megan|90|74|78|83|325|81.25
1523|CIVIL82|Maria|82|85|51|72|290|72.50
1524|ECE|Lauren|93|70|99|94|356|89.00
1525|CSE|Kimberly|64|89|43|83|279|69.75
1526|ISE|Ruth|60|71|88|92|311|77.75
1527|ECE|Lily|96|68|87|93|344|86.00
1528|EEE|Amanda|90|74|74|96|334|83.50
1529|CIVIL90|Ruth|90|39|53|96|278|69.50
1530|ECE|Carol|89|53|85|80|307|76.75
1531|CSE|Amy|91|82|81|85|339|84.75
1532|ISE|Dorothy|93|72|92|76|333|83.25
1533|ECE|Olivia|84|64|84|76|308|77.00
1534|EEE|Faith|92|75|35|75|277|69.25
1535|CIVIL68|Theresa|68|53|78|78|277|69.25
1536|ECE|Tracey|66|57|35|89|247|61.75
1537|CSE|Kylie|69|42|58|94|263|65.75
1538|ISE|Amanda|70|62|95|78|305|76.25
1539|ECE|Angela|85|71|91|88|335|83.75
1540|EEE|Jasmine|98|42|56|90|286|71.50
1541|CIVIL80|Molly|80|35|95|75|285|71.25
1542|ECE|Anna|76|71|82|72|301|75.25
1543|CSE|Emily|98|64|43|70|275|68.75
1544|ISE|Faith|63|50|74|83|270|67.50
1545|ECE|Virginia|61|78|83|81|303|75.75
1546|EEE|Pippa|93|83|88|85|349|87.25
1547|CIVIL88|Tracey|88|68|51|89|296|74.00
1548|ECE|Lisa|97|64|37|99|297|74.25
1549|CSE|Vanessa|97|60|47|88|292|73.00
1550|ISE|Dorothy|77|78|78|92|325|81.25
1551|ECE|Sophie|97|67|42|95|301|75.25
1552|EEE|Wendy|99|55|59|76|289|72.25
1553|CIVIL71|Kimberly|71|42|38|91|242|60.50
1554|ECE|Sophie|76|62|98|92|328|82.00
1555|CSE|Virginia|67|45|97|85|294|73.50
1556|ISE|Diane|84|65|45|84|278|69.50
1557|ECE|Kylie|87|60|60|79|286|71.50
1558|EEE|Bernadette|66|56|64|72|258|64.50
1559|CIVIL65|Abigail|65|56|79|77|277|69.25
1560|ECE|Rebecca|80|75|58|97|310|77.50
1561|CSE|Jasmine|79|52|82|77|290|72.50
1562|ISE|Amelia|64|52|85|89|290|72.50
1563|ECE|Ruth|62|48|77|75|262|65.50
1564|EEE|Rachel|96|89|91|92|368|92.00
1565|CIVIL78|Rachel|78|51|47|86|262|65.50
1566|ECE|Sally|75|45|35|88|243|60.75
1567|CSE|Bernadette|65|79|57|78|279|69.75
1568|ISE|Amelia|98|59|61|95|313|78.25
1569|ECE|Wanda|98|51|90|91|330|82.50
1570|EEE|Bella|72|56|40|76|244|61.00
1571|CIVIL69|Jane|69|82|99|84|334|83.50
1572|ECE|Theresa|65|84|72|87|308|77.00
1573|CSE|Audrey|65|35|70|93|263|65.75
1574|ISE|Sally|72|48|73|99|292|73.00
1575|ECE|Melanie|63|46|49|81|239|59.75
1576|EEE|Carol|74|81|62|80|297|74.25
1577|CIVIL92|Ella|92|61|64|83|300|75.00
1578|ECE|Heather|81|51|53|94|279|69.75
1579|CSE|Kylie|72|84|72|72|300|75.00
1580|ISE|Andrea|89|51|47|87|274|68.50
1581|ECE|Deirdre|66|77|36|82|261|65.25
1582|EEE|Victoria|90|77|41|88|296|74.00
1583|CIVIL95|Jessica|95|76|83|95|349|87.25
1584|ECE|Anne|70|55|98|82|305|76.25
1585|CSE|Diane|62|84|46|85|277|69.25
1586|ISE|Tracey|96|39|92|70|297|74.25
1587|ECE|Jasmine|65|90|97|90|342|85.50
1588|EEE|Andrea|88|85|94|71|338|84.50
1589|CIVIL67|Theresa|67|60|85|74|286|71.50
1590|ECE|Joanne|75|36|67|92|270|67.50
1591|CSE|Claire|80|53|56|75|264|66.00
1592|ISE|Deirdre|96|70|38|95|299|74.75
1593|ECE|Julia|89|67|59|80|295|73.75
1594|EEE|Karen|87|47|70|84|288|72.00
1595|CIVIL82|Emily|82|69|63|86|300|75.00
1596|ECE|Karen|66|59|87|86|298|74.50
1597|CSE|Diane|95|74|50|82|301|75.25
1598|ISE|Megan|66|88|50|89|293|73.25
1599|ECE|Diane|85|47|92|93|317|79.25
1600|EEE|Melanie|82|77|86|82|327|81.75
1601|CIVIL90|Donna|90|87|90|90|357|89.25
1602|ECE|Mary|72|74|53|80|279|69.75
1603|CSE|Amy|62|80|73|98|313|78.25
1604|ISE|Lauren|82|43|61|81|267|66.75
1605|ECE|Emma|62|38|74|81|255|63.75
1606|EEE|Donna|94|73|87|94|348|87.00
1607|CIVIL86|Tracey|86|86|50|82|304|76.00
1608|ECE|Samantha|87|76|80|93|336|84.00
1609|CSE|Elizabeth|91|70|92|82|335|83.75
1610|ISE|Theresa|94|63|39|83|279|69.75
1611|ECE|Alison|79|85|72|97|333|83.25
1612|EEE|Alexandra|94|42|68|80|284|71.00
1613|CIVIL63|Sarah|63|61|73|88|285|71.25
1614|ECE|Madeleine|60|83|46|88|277|69.25
1615|CSE|Fiona|86|37|42|74|239|59.75
1616|ISE|Ella|92|70|70|94|326|81.50
1617|ECE|Una|86|66|96|95|343|85.75
1618|EEE|Hannah|60|37|98|94|289|72.25
1619|CIVIL83|Kylie|83|75|85|85|328|82.00
1620|ECE|Alison|75|86|58|93|312|78.00
1621|CSE|Theresa|88|78|78|83|327|81.75
1622|ISE|Leah|80|36|64|87|267|66.75
1623|ECE|Julia|97|61|44|96|298|74.50
1624|EEE|Angela|90|88|46|82|306|76.50
1625|CIVIL67|Deirdre|67|45|53|71|236|59.00
1626|ECE|Natalie|79|72|66|82|299|74.75
1627|CSE|Rose|69|81|57|98|305|76.25
1628|ISE|Rose|77|66|65|86|294|73.50
1629|ECE|Angela|65|65|96|73|299|74.75
1630|EEE|Amy|87|60|95|87|329|82.25
1631|CIVIL98|Claire|98|60|89|80|327|81.75
1632|ECE|Bernadette|87|40|79|93|299|74.75
1633|CSE|Carolyn|62|86|67|85|300|75.00
1634|ISE|Lillian|95|73|85|94|347|86.75
1635|ECE|Bernadette|83|48|90|95|316|79.00
1636|EEE|Angela|85|79|50|75|289|72.25
1637|CIVIL88|Sarah|88|44|64|75|271|67.75
1638|ECE|Julia|79|72|74|73|298|74.50
1639|CSE|Jan|67|66|45|73|251|62.75
1640|ISE|Lily|82|57|98|79|316|79.00
1641|ECE|Heather|65|84|36|98|283|70.75
1642|EEE|Una|95|35|35|96|261|65.25
1643|CIVIL89|Heather|89|46|98|80|313|78.25
1644|ECE|Wanda|84|86|99|91|360|90.00
1645|CSE|Kylie|88|52|79|90|309|77.25
1646|ISE|Lillian|69|44|79|75|267|66.75
1647|ECE|Zoe|73|42|78|88|281|70.25
1648|EEE|Leah|77|54|92|97|320|80.00
1649|CIVIL78|Maria|78|55|64|86|283|70.75
1650|ECE|Lisa|98|81|69|97|345|86.25
1651|CSE|Audrey|62|61|97|78|298|74.50
1652|ISE|Grace|93|90|64|86|333|83.25
1653|ECE|Caroline|94|75|98|92|359|89.75
1654|EEE|Vanessa|85|84|42|87|298|74.50
1655|CIVIL89|Hannah|89|89|38|71|287|71.75
1656|ECE|Jennifer|87|73|56|83|299|74.75
1657|CSE|Claire|68|62|84|81|295|73.75
1658|ISE|Deirdre|69|46|85|70|270|67.50
1659|ECE|Donna|94|65|36|74|269|67.25
1660|EEE|Claire|63|57|55|83|258|64.50
1661|CIVIL98|Lauren|98|49|55|88|290|72.50
1662|ECE|Molly|71|51|75|93|290|72.50
1663|CSE|Rebecca|84|87|91|97|359|89.75
1664|ISE|Sally|72|81|62|78|293|73.25
1665|ECE|Melanie|79|44|41|70|234|58.50
1666|EEE|Kylie|99|41|44|87|271|67.75
1667|CIVIL62|Audrey|62|83|79|94|318|79.50
1668|ECE|Theresa|72|48|99|93|312|78.00
1669|CSE|Irene|71|55|91|90|307|76.75
1670|ISE|Caroline|93|49|97|88|327|81.75
1671|ECE|Ava|70|55|47|82|254|63.50
1672|EEE|Melanie|86|69|42|94|291|72.75
1673|CIVIL65|Amanda|65|88|98|76|327|81.75
1674|ECE|Sally|96|65|81|79|321|80.25
1675|CSE|Heather|91|89|72|96|348|87.00
1676|ISE|Una|62|38|78|98|276|69.00
1677|ECE|Diana|95|82|37|89|303|75.75
1678|EEE|Donna|62|50|58|74|244|61.00
1679|CIVIL79|Faith|79|70|94|89|332|83.00
1680|ECE|Kimberly|74|38|61|93|266|66.50
1681|CSE|Grace|60|60|71|75|266|66.50
1682|ISE|Rose|69|74|70|88|301|75.25
1683|ECE|Theresa|82|87|63|71|303|75.75
1684|EEE|Yvonne|77|39|53|72|241|60.25
1685|CIVIL86|Fiona|86|87|96|91|360|90.00
1686|ECE|Sally|93|66|56|70|285|71.25
1687|CSE|Gabrielle|94|81|77|73|325|81.25
1688|ISE|Sarah|76|47|57|71|251|62.75
1689|ECE|Madeleine|87|81|39|74|281|70.25
1690|EEE|Jessica|92|46|96|95|329|82.25
1691|CIVIL94|Jane|94|36|57|92|279|69.75
1692|ECE|Caroline|79|73|74|86|312|78.00
1693|CSE|Lauren|74|88|43|74|279|69.75
1694|ISE|Gabrielle|65|81|90|85|321|80.25
1695|ECE|Bella|82|66|82|91|321|80.25
1696|EEE|Anne|83|54|40|88|265|66.25
1697|CIVIL86|Michelle|86|55|84|80|305|76.25
1698|ECE|Deirdre|71|76|99|97|343|85.75
1699|CSE|Amelia|76|73|78|86|313|78.25
1700|ISE|Julia|95|71|71|78|315|78.75
1701|ECE|Abigail|63|66|45|71|245|61.25
1702|EEE|Diana|90|79|40|78|287|71.75
1703|CIVIL63|Wanda|63|87|65|84|299|74.75
1704|ECE|Sue|88|51|96|92|327|81.75
1705|CSE|Karen|76|87|82|96|341|85.25
1706|ISE|Jessica|69|47|73|93|282|70.50
1707|ECE|Donna|93|67|87|79|326|81.50
1708|EEE|Joanne|82|61|42|81|266|66.50
1709|CIVIL75|Megan|75|38|70|80|263|65.75
1710|ECE|Jessica|75|59|37|90|261|65.25
1711|CSE|Vanessa|87|49|62|97|295|73.75
1712|ISE|Felicity|71|87|67|80|305|76.25
1713|ECE|Carolyn|61|47|78|93|279|69.75
1714|EEE|Lisa|88|62|80|99|329|82.25
1715|CIVIL61|Megan|61|69|48|94|272|68.00
1716|ECE|Ava|80|57|35|83|255|63.75
1717|CSE|Sarah|93|85|57|78|313|78.25
1718|ISE|Sonia|89|75|68|85|317|79.25
1719|ECE|Heather|92|74|85|77|328|82.00
1720|EEE|Heather|71|89|37|94|291|72.75
1721|CIVIL95|Mary|95|59|71|97|322|80.50
1722|ECE|Anne|81|74|43|72|270|67.50
1723|CSE|Rachel|62|84|88|98|332|83.00
1724|ISE|Irene|85|82|57|78|302|75.50
1725|ECE|Madeleine|92|39|47|76|254|63.50
1726|EEE|Rachel|76|40|44|95|255|63.75
1727|CIVIL63|Megan|63|62|69|85|279|69.75
1728|ECE|Wanda|73|69|56|85|283|70.75
1729|CSE|Emma|86|50|37|97|270|67.50
1730|ISE|Olivia|89|46|98|86|319|79.75
1731|ECE|Karen|94|62|49|82|287|71.75
1732|EEE|Theresa|92|51|75|86|304|76.00
1733|CIVIL99|Abigail|99|62|91|96|348|87.00
1734|ECE|Wanda|72|77|81|85|315|78.75
1735|CSE|Caroline|84|36|73|97|290|72.50
1736|ISE|Diana|79|57|38|86|260|65.00
1737|ECE|Diana|76|90|71|79|316|79.00
1738|EEE|Bella|74|55|73|97|299|74.75
1739|CIVIL94|Molly|94|83|85|71|333|83.25
1740|ECE|Tracey|85|49|97|72|303|75.75
1741|CSE|Bella|66|61|79|97|303|75.75
1742|ISE|Heather|92|80|37|83|292|73.00
1743|ECE|Diane|72|75|87|84|318|79.50
1744|EEE|Gabrielle|83|80|54|79|296|74.00
1745|CIVIL93|Amanda|93|43|89|74|299|74.75
1746|ECE|Nicola|75|73|72|85|305|76.25
1747|CSE|Jasmine|66|50|46|93|255|63.75
1748|ISE|Chloe|75|64|38|71|248|62.00
1749|ECE|Yvonne|93|52|90|92|327|81.75
1750|EEE|Felicity|72|40|66|98|276|69.00
1751|CIVIL83|Sophie|83|78|67|90|318|79.50
1752|ECE|Katherine|66|74|75|99|314|78.50
1753|CSE|Carolyn|95|47|94|79|315|78.75
1754|ISE|Irene|63|41|77|76|257|64.25
1755|ECE|Karen|60|66|84|70|280|70.00
1756|EEE|Leah|83|77|55|86|301|75.25
1757|CIVIL90|Lily|90|61|55|80|286|71.50
1758|ECE|Heather|84|70|85|82|321|80.25
1759|CSE|Audrey|74|79|71|91|315|78.75
1760|ISE|Fiona|99|38|66|76|279|69.75
1761|ECE|Vanessa|60|53|68|81|262|65.50
1762|EEE|Emily|86|82|69|97|334|83.50
1763|CIVIL93|Sally|93|66|74|83|316|79.00
1764|ECE|Joanne|93|79|82|71|325|81.25
1765|CSE|Una|86|55|69|82|292|73.00
1766|ISE|Vanessa|72|67|85|79|303|75.75
1767|ECE|Melanie|95|38|46|90|269|67.25
1768|EEE|Emma|91|51|45|73|260|65.00
1769|CIVIL62|Abigail|62|74|40|81|257|64.25
1770|ECE|Joanne|98|55|36|99|288|72.00
1771|CSE|Rose|81|80|42|85|288|72.00
1772|ISE|Zoe|75|75|77|87|314|78.50
1773|ECE|Nicola|86|50|92|79|307|76.75
1774|EEE|Julia|90|38|81|90|299|74.75
1775|CIVIL81|Natalie|81|58|48|71|258|64.50
1776|ECE|Angela|96|73|36|71|276|69.00
1777|CSE|Fiona|95|53|54|86|288|72.00
1778|ISE|Michelle|69|52|61|97|279|69.75
1779|ECE|Rachel|63|40|58|79|240|60.00
1780|EEE|Vanessa|72|67|93|80|312|78.00
1781|CIVIL90|Deirdre|90|84|69|76|319|79.75
1782|ECE|Sue|73|38|55|93|259|64.75
1783|CSE|Amy|77|37|63|97|274|68.50
1784|ISE|Anna|74|38|85|96|293|73.25
1785|ECE|Rebecca|65|45|64|71|245|61.25
1786|EEE|Stephanie|98|62|49|70|279|69.75
1787|CIVIL99|Joan|99|77|37|84|297|74.25
1788|ECE|Joan|86|76|84|94|340|85.00
1789|CSE|Anne|84|68|36|90|278|69.50
1790|ISE|Diana|64|64|95|94|317|79.25
1791|ECE|Molly|85|53|68|83|289|72.25
1792|EEE|Jane|97|42|80|98|317|79.25
1793|CIVIL73|Elizabeth|73|72|36|81|262|65.50
1794|ECE|Irene|99|71|89|76|335|83.75
1795|CSE|Lauren|77|36|47|89|249|62.25
1796|ISE|Rose|79|40|81|95|295|73.75
1797|ECE|Rachel|96|55|39|96|286|71.50
1798|EEE|Fiona|64|90|85|89|328|82.00
1799|CIVIL66|Diana|66|61|59|75|261|65.25
1800|ECE|Audrey|91|44|63|98|296|74.00
1801|CSE|Amanda|73|56|85|86|300|75.00
1802|ISE|Mary|78|51|55|78|262|65.50
1803|ECE|Megan|82|53|83|97|315|78.75
1804|EEE|Penelope|60|69|93|80|302|75.50
1805|CIVIL73|Faith|73|72|68|97|310|77.50
1806|ECE|Fiona|70|55|75|92|292|73.00
1807|CSE|Sarah|65|67|70|90|292|73.00
1808|ISE|Amy|73|41|92|84|290|72.50
1809|ECE|Sue|92|86|88|97|363|90.75
1810|EEE|Sophie|72|81|37|84|274|68.50
1811|CIVIL72|Sophie|72|82|60|73|287|71.75
1812|ECE|Yvonne|98|41|75|80|294|73.50
1813|CSE|Caroline|74|58|86|76|294|73.50
1814|ISE|Anna|99|63|83|93|338|84.50
1815|ECE|Zoe|73|77|54|90|294|73.50
1816|EEE|Andrea|74|82|56|85|297|74.25
1817|CIVIL64|Melanie|64|62|94|73|293|73.25
1818|ECE|Virginia|64|74|54|78|270|67.50
1819|CSE|Amanda|70|78|76|87|311|77.75
1820|ISE|Grace|67|76|83|80|306|76.50
1821|ECE|Stephanie|67|74|97|89|327|81.75
1822|EEE|Katherine|97|47|53|90|287|71.75
1823|CIVIL96|Theresa|96|39|69|99|303|75.75
1824|ECE|Olivia|93|84|67|98|342|85.50
1825|CSE|Michelle|86|35|90|70|281|70.25
1826|ISE|Penelope|86|39|51|71|247|61.75
1827|ECE|Mary|87|37|39|94|257|64.25
1828|EEE|Stephanie|87|68|74|79|308|77.00
1829|CIVIL78|Emma|78|59|67|88|292|73.00
1830|ECE|Samantha|99|81|54|72|306|76.50
1831|CSE|Claire|84|41|95|83|303|75.75
1832|ISE|Molly|61|67|92|81|301|75.25
1833|ECE|Michelle|87|86|57|85|315|78.75
1834|EEE|Sonia|62|87|88|70|307|76.75
1835|CIVIL95|Ruth|95|82|36|90|303|75.75
1836|ECE|Tracey|91|36|40|74|241|60.25
1837|CSE|Leah|88|43|82|99|312|78.00
1838|ISE|Maria|87|84|79|93|343|85.75
1839|ECE|Rebecca|62|41|60|96|259|64.75
1840|EEE|Hannah|94|85|64|98|341|85.25
1841|CIVIL79|Alexandra|79|47|53|73|252|63.00
1842|ECE|Dorothy|97|86|99|86|368|92.00
1843|CSE|Chloe|82|83|79|76|320|80.00
1844|ISE|Diana|85|87|81|94|347|86.75
1845|ECE|Natalie|94|87|79|78|338|84.50
1846|EEE|Rose|83|47|93|84|307|76.75
1847|CIVIL89|Sue|89|85|48|70|292|73.00
1848|ECE|Joan|86|48|77|96|307|76.75
1849|CSE|Yvonne|63|78|96|81|318|79.50
1850|ISE|Ava|99|73|91|88|351|87.75
1851|ECE|Alison|75|52|55|89|271|67.75
1852|EEE|Megan|89|82|68|77|316|79.00
1853|CIVIL91|Olivia|91|46|96|96|329|82.25
1854|ECE|Alison|80|78|66|98|322|80.50
1855|CSE|Lily|87|58|45|98|288|72.00
1856|ISE|Heather|81|90|45|98|314|78.50
1857|ECE|Lillian|61|49|80|94|284|71.00
1858|EEE|Ruth|76|60|36|87|259|64.75
1859|CIVIL69|Theresa|69|62|41|93|265|66.25
1860|ECE|Vanessa|98|53|60|93|304|76.00
1861|CSE|Audrey|61|90|91|78|320|80.00
1862|ISE|Katherine|91|45|97|95|328|82.00
1863|ECE|Jane|87|63|90|99|339|84.75
1864|EEE|Abigail|65|52|85|85|287|71.75
1865|CIVIL60|Sue|60|36|42|90|228|57.00
1866|ECE|Katherine|63|61|97|93|314|78.50
1867|CSE|Olivia|81|72|48|82|283|70.75
1868|ISE|Deirdre|72|49|76|73|270|67.50
1869|ECE|Penelope|84|56|58|95|293|73.25
1870|EEE|Lauren|87|73|46|93|299|74.75
1871|CIVIL83|Amelia|83|84|36|90|293|73.25
1872|ECE|Pippa|72|77|81|73|303|75.75
1873|CSE|Caroline|97|62|91|72|322|80.50
1874|ISE|Carolyn|88|50|86|72|296|74.00
1875|ECE|Grace|63|72|93|96|324|81.00
1876|EEE|Abigail|90|62|72|70|294|73.50
1877|CIVIL60|Lauren|60|75|47|85|267|66.75
1878|ECE|Tracey|71|75|78|70|294|73.50
1879|CSE|Wanda|81|68|73|84|306|76.50
1880|ISE|Leah|98|89|74|90|351|87.75
1881|ECE|Audrey|86|66|61|95|308|77.00
1882|EEE|Olivia|84|61|83|96|324|81.00
1883|CIVIL65|Diana|65|74|63|90|292|73.00
1884|ECE|Kylie|77|52|57|89|275|68.75
1885|CSE|Lily|67|71|82|75|295|73.75
1886|ISE|Faith|81|90|54|83|308|77.00
1887|ECE|Hannah|66|37|76|98|277|69.25
1888|EEE|Faith|74|65|86|96|321|80.25
1889|CIVIL84|Molly|84|58|84|74|300|75.00
1890|ECE|Rachel|99|60|67|95|321|80.25
1891|CSE|Caroline|78|47|81|85|291|72.75
1892|ISE|Kimberly|99|43|71|78|291|72.75
1893|ECE|Alexandra|77|52|52|81|262|65.50
1894|EEE|Jan|98|79|91|97|365|91.25
1895|CIVIL95|Donna|95|69|85|70|319|79.75
1896|ECE|Grace|85|77|73|79|314|78.50
1897|CSE|Mary|95|45|75|81|296|74.00
1898|ISE|Audrey|62|90|46|77|275|68.75
1899|ECE|Heather|62|65|74|77|278|69.50
1900|EEE|Alison|62|51|86|90|289|72.25
1901|CIVIL78|Felicity|78|39|50|95|262|65.50
1902|ECE|Jennifer|84|45|82|74|285|71.25
1903|CSE|Samantha|90|70|81|99|340|85.00
1904|ISE|Sonia|84|57|83|92|316|79.00
1905|ECE|Irene|78|85|55|74|292|73.00
1906|EEE|Maria|70|38|41|82|231|57.75
1907|CIVIL87|Samantha|87|80|35|95|297|74.25
1908|ECE|Katherine|81|35|78|86|280|70.00
1909|CSE|Jessica|80|88|54|79|301|75.25
1910|ISE|Andrea|70|47|72|70|259|64.75
1911|ECE|Anna|92|56|59|98|305|76.25
1912|EEE|Gabrielle|67|61|66|79|273|68.25
1913|CIVIL71|Lauren|71|55|42|78|246|61.50
1914|ECE|Kimberly|60|69|71|79|279|69.75
1915|CSE|Karen|67|39|45|87|238|59.50
1916|ISE|Deirdre|76|58|71|80|285|71.25
1917|ECE|Rose|62|51|66|71|250|62.50
1918|EEE|Abigail|62|68|62|95|287|71.75
1919|CIVIL74|Melanie|74|55|54|78|261|65.25
1920|ECE|Zoe|81|61|42|90|274|68.50
1921|CSE|Theresa|61|67|98|98|324|81.00
1922|ISE|Donna|83|79|76|72|310|77.50
1923|ECE|Dorothy|98|53|95|74|320|80.00
1924|EEE|Penelope|89|70|72|79|310|77.50
1925|CIVIL75|Lisa|75|54|62|95|286|71.50
1926|ECE|Jennifer|80|57|93|74|304|76.00
1927|CSE|Olivia|62|66|35|86|249|62.25
1928|ISE|Diana|84|85|46|73|288|72.00
1929|ECE|Amanda|69|45|49|86|249|62.25
1930|EEE|Rebecca|74|49|37|84|244|61.00
1931|CIVIL89|Virginia|89|45|47|88|269|67.25
1932|ECE|Jasmine|94|43|63|96|296|74.00
1933|CSE|Sarah|99|82|63|76|320|80.00
1934|ISE|Jane|91|49|89|76|305|76.25
1935|ECE|Amy|83|55|80|88|306|76.50
1936|EEE|Lauren|84|56|69|84|293|73.25
1937|CIVIL81|Diane|81|38|83|75|277|69.25
1938|ECE|Felicity|75|42|94|92|303|75.75
1939|CSE|Lisa|65|73|96|74|308|77.00
1940|ISE|Melanie|85|38|61|76|260|65.00
1941|ECE|Madeleine|77|56|64|77|274|68.50
1942|EEE|Dorothy|87|42|93|99|321|80.25
1943|CIVIL86|Lillian|86|65|56|81|288|72.00
1944|ECE|Claire|91|79|91|80|341|85.25
1945|CSE|Sophie|74|75|83|85|317|79.25
1946|ISE|Samantha|95|71|82|92|340|85.00
1947|ECE|Sonia|80|45|66|98|289|72.25
1948|EEE|Bernadette|71|49|76|77|273|68.25
1949|CIVIL60|Sue|60|45|38|81|224|56.00
1950|ECE|Alexandra|72|62|42|82|258|64.50
1951|CSE|Victoria|60|43|49|72|224|56.00
1952|ISE|Wendy|64|35|84|85|268|67.00
1953|ECE|Bernadette|92|82|80|90|344|86.00
1954|EEE|Olivia|95|45|59|79|278|69.50
1955|CIVIL88|Joan|88|52|77|81|298|74.50
1956|ECE|Ella|85|76|99|70|330|82.50
1957|CSE|Alexandra|65|82|71|83|301|75.25
1958|ISE|Heather|82|49|48|76|255|63.75
1959|ECE|Lily|79|80|40|89|288|72.00
1960|EEE|Pippa|76|42|82|73|273|68.25
1961|CIVIL89|Bella|89|78|55|78|300|75.00
1962|ECE|Ruth|86|87|48|71|292|73.00
1963|CSE|Penelope|68|49|69|81|267|66.75
1964|ISE|Ella|95|51|66|89|301|75.25
1965|ECE|Lauren|84|39|45|76|244|61.00
1966|EEE|Mary|68|81|87|88|324|81.00
1967|CIVIL61|Ruth|61|51|68|77|257|64.25
1968|ECE|Wanda|72|52|61|87|272|68.00
1969|CSE|Diana|71|66|37|81|255|63.75
1970|ISE|Donna|66|54|42|94|256|64.00
1971|ECE|Mary|90|43|63|76|272|68.00
1972|EEE|Sonia|69|59|93|84|305|76.25
1973|CIVIL84|Sue|84|62|89|97|332|83.00
1974|ECE|Diana|84|79|90|74|327|81.75
1975|CSE|Hannah|61|88|82|70|301|75.25
1976|ISE|Elizabeth|89|48|67|85|289|72.25
1977|ECE|Stephanie|79|35|70|90|274|68.50
1978|EEE|Donna|78|66|71|97|312|78.00
1979|CIVIL72|Fiona|72|90|46|73|281|70.25
1980|ECE|Theresa|97|87|73|76|333|83.25
1981|CSE|Sue|95|64|49|75|283|70.75
1982|ISE|Carolyn|79|88|77|76|320|80.00
1983|ECE|Katherine|97|87|84|90|358|89.50
1984|EEE|Sonia|94|36|82|96|308|77.00
1985|CIVIL71|Amanda|71|67|62|91|291|72.75
1986|ECE|Felicity|86|73|73|90|322|80.50
1987|CSE|Karen|88|43|56|75|262|65.50
1988|ISE|Leah|82|88|59|89|318|79.50
1989|ECE|Tracey|82|53|99|71|305|76.25
1990|EEE|Joanne|67|52|95|73|287|71.75
1991|CIVIL61|Amanda|61|53|37|92|243|60.75
1992|ECE|Hannah|82|77|56|93|308|77.00
1993|CSE|Fiona|88|42|56|94|280|70.00
1994|ISE|Melanie|92|62|81|74|309|77.25
1995|ECE|Maria|67|49|44|95|255|63.75
1996|EEE|Lauren|64|65|89|86|304|76.00
1997|CIVIL77|Jan|77|39|74|90|280|70.00
1998|ECE|Ruth|87|50|54|86|277|69.25
1999|CSE|Abigail|87|73|68|83|311|77.75
2000|ISE|Dorothy|62|52|87|73|274|68.50
2001|ECE|Amelia|68|77|59|79|283|70.75
2002|EEE|Vanessa|82|80|45|90|297|74.25
2003|CIVIL71|Zoe|71|63|59|91|284|71.00
2004|ECE|Wendy|70|78|93|98|339|84.75
2005|CSE|Alexandra|96|44|50|99|289|72.25
2006|ISE|Olivia|84|71|56|89|300|75.00
2007|ECE|Lauren|67|88|52|93|300|75.00
2008|EEE|Mary|71|40|51|87|249|62.25
2009|CIVIL83|Vanessa|83|65|80|78|306|76.50
2010|ECE|Joanne|82|79|41|94|296|74.00
2011|CSE|Anna|90|83|36|93|302|75.50
2012|ISE|Victoria|72|35|39|81|227|56.75
2013|ECE|Wanda|83|55|68|87|293|73.25
2014|EEE|Virginia|66|78|86|74|304|76.00
2015|CIVIL71|Maria|71|85|53|99|308|77.00
2016|ECE|Heather|90|64|40|99|293|73.25
2017|CSE|Andrea|65|65|93|83|306|76.50
2018|ISE|Zoe|80|45|95|85|305|76.25
2019|ECE|Kimberly|83|37|73|82|275|68.75
2020|EEE|Kimberly|81|83|82|74|320|80.00
2021|CIVIL92|Amelia|92|74|46|89|301|75.25
2022|ECE|Amanda|88|83|66|90|327|81.75
2023|CSE|Amanda|83|57|63|89|292|73.00
2024|ISE|Natalie|68|49|79|78|274|68.50
2025|ECE|Gabrielle|74|42|89|71|276|69.00
2026|EEE|Madeleine|63|45|95|81|284|71.00
2027|CIVIL63|Lauren|63|69|97|83|312|78.00
2028|ECE|Natalie|76|48|37|86|247|61.75
2029|CSE|Chloe|87|65|91|75|318|79.50
2030|ISE|Emily|79|56|43|86|264|66.00
2031|ECE|Alexandra|63|42|89|76|270|67.50
2032|EEE|Lillian|84|59|76|88|307|76.75
2033|CIVIL92|Deirdre|92|43|37|71|243|60.75
2034|ECE|Claire|81|74|76|75|306|76.50
2035|CSE|Faith|86|84|46|80|296|74.00
2036|ISE|Chloe|99|58|43|98|298|74.50
2037|ECE|Andrea|72|51|84|79|286|71.50
2038|EEE|Amy|69|58|40|90|257|64.25
2039|CIVIL91|Ruth|91|82|51|90|314|78.50
2040|ECE|Claire|62|49|88|89|288|72.00
2041|CSE|Sonia|82|60|78|96|316|79.00
2042|ISE|Lisa|96|61|60|97|314|78.50
2043|ECE|Irene|94|55|60|84|293|73.25
2044|EEE|Maria|85|73|37|99|294|73.50
2045|CIVIL70|Kimberly|70|82|39|75|266|66.50
2046|ECE|Deirdre|72|39|41|87|239|59.75
2047|CSE|Ella|92|80|84|90|346|86.50
2048|ISE|Molly|80|78|72|90|320|80.00
2049|ECE|Felicity|79|41|49|74|243|60.75
2050|EEE|Madeleine|83|55|91|99|328|82.00
2051|CIVIL88|Fiona|88|69|64|70|291|72.75
2052|ECE|Nicola|76|89|79|87|331|82.75
2053|CSE|Wanda|69|36|70|85|260|65.00
2054|ISE|Deirdre|70|55|76|90|291|72.75
2055|ECE|Sally|64|77|86|93|320|80.00
2056|EEE|Kimberly|84|61|81|80|306|76.50
2057|CIVIL84|Alexandra|84|40|73|89|286|71.50
2058|ECE|Wanda|80|79|99|83|341|85.25
2059|CSE|Alexandra|84|78|78|97|337|84.25
2060|ISE|Wendy|77|63|83|96|319|79.75
2061|ECE|Hannah|76|59|72|84|291|72.75
2062|EEE|Carolyn|67|79|45|83|274|68.50
2063|CIVIL97|Victoria|97|38|77|75|287|71.75
2064|ECE|Zoe|77|44|67|84|272|68.00
2065|CSE|Amanda|81|53|58|83|275|68.75
2066|ISE|Molly|73|72|65|86|296|74.00
2067|ECE|Donna|69|47|65|76|257|64.25
2068|EEE|Julia|77|38|79|89|283|70.75
2069|CIVIL62|Maria|62|37|94|77|270|67.50
2070|ECE|Vanessa|67|76|83|85|311|77.75
2071|CSE|Jessica|92|40|81|71|284|71.00
2072|ISE|Lillian|98|79|67|75|319|79.75
2073|ECE|Virginia|78|90|85|78|331|82.75
2074|EEE|Jennifer|85|72|79|96|332|83.00
2075|CIVIL80|Heather|80|51|88|70|289|72.25
2076|ECE|Grace|64|73|87|97|321|80.25
2077|CSE|Amanda|86|70|45|94|295|73.75
2078|ISE|Samantha|79|52|81|98|310|77.50
2079|ECE|Samantha|71|44|45|95|255|63.75
2080|EEE|Penelope|88|69|97|95|349|87.25
2081|CIVIL81|Gabrielle|81|80|47|72|280|70.00
2082|ECE|Rachel|70|55|36|86|247|61.75
2083|CSE|Melanie|63|68|49|85|265|66.25
2084|ISE|Virginia|72|54|70|99|295|73.75
2085|ECE|Gabrielle|86|41|73|95|295|73.75
2086|EEE|Emily|62|35|99|72|268|67.00
2087|CIVIL90|Diana|90|40|37|71|238|59.50
2088|ECE|Gabrielle|85|63|93|87|328|82.00
2089|CSE|Melanie|86|38|92|82|298|74.50
2090|ISE|Carolyn|84|71|41|81|277|69.25
2091|ECE|Ruth|96|38|87|85|306|76.50
2092|EEE|Natalie|83|63|88|90|324|81.00
2093|CIVIL90|Theresa|90|58|88|83|319|79.75
2094|ECE|Theresa|69|61|99|85|314|78.50
2095|CSE|Felicity|83|66|92|85|326|81.50
2096|ISE|Diana|60|39|42|78|219|54.75
2097|ECE|Rachel|65|54|48|88|255|63.75
2098|EEE|Carol|72|73|36|82|263|65.75
2099|CIVIL68|Felicity|68|57|72|81|278|69.50
2100|ECE|Amanda|89|70|81|70|310|77.50
2101|CSE|Sue|80|85|85|88|338|84.50
2102|ISE|Mary|67|87|92|81|327|81.75
2103|ECE|Ella|95|38|54|88|275|68.75
2104|EEE|Tracey|91|81|64|95|331|82.75
2105|CIVIL90|Heather|90|35|66|86|277|69.25
2106|ECE|Nicola|76|65|92|90|323|80.75
2107|CSE|Theresa|70|81|38|76|265|66.25
2108|ISE|Anna|81|39|85|83|288|72.00
2109|ECE|Melanie|70|58|60|71|259|64.75
2110|EEE|Elizabeth|65|39|83|91|278|69.50
2111|CIVIL87|Wendy|87|73|68|99|327|81.75
2112|ECE|Rachel|60|83|80|74|297|74.25
2113|CSE|Vanessa|79|70|86|75|310|77.50
2114|ISE|Lauren|86|69|80|89|324|81.00
2115|ECE|Victoria|94|63|83|77|317|79.25
2116|EEE|Alexandra|85|66|90|76|317|79.25
2117|CIVIL77|Emily|77|57|43|75|252|63.00
2118|ECE|Jessica|60|70|94|81|305|76.25
2119|CSE|Bernadette|68|42|94|79|283|70.75
2120|ISE|Mary|78|66|46|79|269|67.25
2121|ECE|Zoe|99|50|53|87|289|72.25
2122|EEE|Melanie|92|47|55|72|266|66.50
2123|CIVIL64|Lisa|64|44|51|88|247|61.75
2124|ECE|Faith|88|53|38|75|254|63.50
2125|CSE|Lisa|93|45|39|86|263|65.75
2126|ISE|Molly|72|73|63|94|302|75.50
2127|ECE|Carol|74|55|41|77|247|61.75
2128|EEE|Wendy|88|63|92|93|336|84.00
2129|CIVIL91|Pippa|91|62|86|99|338|84.50
2130|ECE|Una|64|49|50|91|254|63.50
2131|CSE|Dorothy|76|84|54|70|284|71.00
2132|ISE|Nicola|80|81|51|94|306|76.50
2133|ECE|Carol|76|73|63|81|293|73.25
2134|EEE|Lisa|60|72|54|91|277|69.25
2135|CIVIL63|Dorothy|63|89|89|79|320|80.00
2136|ECE|Theresa|72|60|68|76|276|69.00
2137|CSE|Diane|78|78|47|70|273|68.25
2138|ISE|Samantha|89|43|39|70|241|60.25
2139|ECE|Fiona|96|90|74|83|343|85.75
2140|EEE|Michelle|60|74|96|70|300|75.00
2141|CIVIL79|Kimberly|79|35|61|73|248|62.00
2142|ECE|Sophie|70|47|56|74|247|61.75
2143|CSE|Ella|86|70|95|89|340|85.00
2144|ISE|Felicity|94|75|78|81|328|82.00
2145|ECE|Carolyn|69|61|84|82|296|74.00
2146|EEE|Kylie|79|67|75|93|314|78.50
2147|CIVIL87|Dorothy|87|84|38|85|294|73.50
2148|ECE|Lily|69|81|89|87|326|81.50
2149|CSE|Sarah|97|74|88|74|333|83.25
2150|ISE|Audrey|96|39|62|98|295|73.75
2151|ECE|Sophie|95|90|48|85|318|79.50
2152|EEE|Deirdre|70|72|91|72|305|76.25
2153|CIVIL72|Hannah|72|66|37|90|265|66.25
2154|ECE|Ava|76|84|39|80|279|69.75
2155|CSE|Yvonne|79|89|67|98|333|83.25
2156|ISE|Faith|99|66|90|85|340|85.00
2157|ECE|Rose|99|76|84|98|357|89.25
2158|EEE|Kimberly|61|41|47|76|225|56.25
2159|CIVIL61|Andrea|61|61|95|72|289|72.25
2160|ECE|Natalie|77|77|77|95|326|81.50
2161|CSE|Pippa|91|76|58|71|296|74.00
2162|ISE|Bella|84|35|41|96|256|64.00
2163|ECE|Yvonne|82|48|66|94|290|72.50
2164|EEE|Pippa|97|88|81|95|361|90.25
2165|CIVIL95|Deirdre|95|57|65|83|300|75.00
2166|ECE|Lisa|82|68|73|96|319|79.75
2167|CSE|Donna|97|48|54|88|287|71.75
2168|ISE|Sally|67|90|76|70|303|75.75
2169|ECE|Jessica|93|49|35|98|275|68.75
2170|EEE|Penelope|61|71|42|98|272|68.00
2171|CIVIL95|Audrey|95|39|63|78|275|68.75
2172|ECE|Stephanie|83|41|58|88|270|67.50
2173|CSE|Heather|86|67|88|93|334|83.50
2174|ISE|Bernadette|72|75|73|92|312|78.00
2175|ECE|Lillian|70|37|63|73|243|60.75
2176|EEE|Kimberly|87|35|89|92|303|75.75
2177|CIVIL93|Melanie|93|57|46|84|280|70.00
2178|ECE|Jan|72|39|79|70|260|65.00
2179|CSE|Anne|91|49|43|89|272|68.00
2180|ISE|Michelle|76|83|74|93|326|81.50
2181|ECE|Tracey|84|50|49|80|263|65.75
2182|EEE|Amanda|91|90|74|89|344|86.00
2183|CIVIL77|Pippa|77|83|46|92|298|74.50
2184|ECE|Natalie|93|52|58|94|297|74.25
2185|CSE|Abigail|71|60|93|71|295|73.75
2186|ISE|Una|95|76|48|83|302|75.50
2187|ECE|Hannah|83|87|35|87|292|73.00
2188|EEE|Victoria|89|41|38|85|253|63.25
2189|CIVIL89|Samantha|89|72|85|85|331|82.75
2190|ECE|Irene|91|36|96|80|303|75.75
2191|CSE|Angela|61|76|93|91|321|80.25
2192|ISE|Carol|97|90|72|70|329|82.25
2193|ECE|Abigail|61|45|43|92|241|60.25
2194|EEE|Caroline|80|55|35|88|258|64.50
2195|CIVIL90|Claire|90|46|55|76|267|66.75
2196|ECE|Dorothy|91|52|36|92|271|67.75
2197|CSE|Fiona|96|42|65|90|293|73.25
2198|ISE|Amy|61|53|49|88|251|62.75
2199|ECE|Jessica|96|59|87|98|340|85.00
2200|EEE|Rose|64|35|43|97|239|59.75
2201|CIVIL96|Deirdre|96|78|66|81|321|80.25
2202|ECE|Deirdre|86|70|35|96|287|71.75
2203|CSE|Andrea|62|64|79|82|287|71.75
2204|ISE|Julia|93|62|60|75|290|72.50
2205|ECE|Ava|69|58|50|95|272|68.00
2206|EEE|Jessica|73|87|44|80|284|71.00
2207|CIVIL85|Katherine|85|44|72|94|295|73.75
2208|ECE|Jasmine|89|47|98|92|326|81.50
2209|CSE|Audrey|68|69|89|99|325|81.25
2210|ISE|Andrea|72|67|95|93|327|81.75
2211|ECE|Zoe|71|80|67|97|315|78.75
2212|EEE|Hannah|89|45|39|87|260|65.00
2213|CIVIL67|Sue|67|41|55|75|238|59.50
2214|ECE|Joan|93|41|73|95|302|75.50
2215|CSE|Lillian|99|45|50|96|290|72.50
2216|ISE|Joan|80|68|60|86|294|73.50
2217|ECE|Maria|81|46|59|90|276|69.00
2218|EEE|Hannah|72|41|41|85|239|59.75
2219|CIVIL95|Kimberly|95|50|36|92|273|68.25
2220|ECE|Lisa|82|70|47|97|296|74.00
2221|CSE|Nicola|69|64|35|93|261|65.25
2222|ISE|Sue|98|85|78|86|347|86.75
2223|ECE|Dorothy|97|74|98|74|343|85.75
2224|EEE|Joanne|86|74|78|92|330|82.50
2225|CIVIL96|Gabrielle|96|36|87|79|298|74.50
2226|ECE|Melanie|64|44|91|74|273|68.25
2227|CSE|Sonia|60|70|86|94|310|77.50
2228|ISE|Pippa|90|60|43|99|292|73.00
2229|ECE|Megan|81|50|35|74|240|60.00
2230|EEE|Sue|84|72|68|83|307|76.75
2231|CIVIL75|Grace|75|69|83|86|313|78.25
2232|ECE|Virginia|63|90|88|89|330|82.50
2233|CSE|Tracey|99|50|35|78|262|65.50
2234|ISE|Jennifer|94|65|82|95|336|84.00
2235|ECE|Joanne|84|45|41|90|260|65.00
2236|EEE|Sarah|71|75|35|92|273|68.25
2237|CIVIL97|Zoe|97|81|91|86|355|88.75
2238|ECE|Michelle|76|80|90|99|345|86.25
2239|CSE|Donna|81|73|52|78|284|71.00
2240|ISE|Diane|80|88|89|81|338|84.50
2241|ECE|Pippa|68|85|67|84|304|76.00
2242|EEE|Carolyn|65|59|53|96|273|68.25
2243|CIVIL97|Amy|97|65|96|96|354|88.50
2244|ECE|Kylie|84|50|93|80|307|76.75
2245|CSE|Claire|98|45|43|98|284|71.00
2246|ISE|Bella|91|70|73|82|316|79.00
2247|ECE|Caroline|73|42|77|85|277|69.25
2248|EEE|Chloe|83|55|78|76|292|73.00
2249|CIVIL60|Lillian|60|50|88|96|294|73.50
2250|ECE|Diana|94|89|95|70|348|87.00
2251|CSE|Sarah|81|39|42|93|255|63.75
2252|ISE|Diana|67|80|50|76|273|68.25
2253|ECE|Diane|75|71|78|80|304|76.00
2254|EEE|Zoe|96|49|95|99|339|84.75
2255|CIVIL63|Natalie|63|82|60|97|302|75.50
2256|ECE|Rose|65|74|42|98|279|69.75
2257|CSE|Emily|60|36|86|86|268|67.00
2258|ISE|Donna|90|37|59|88|274|68.50
2259|ECE|Jane|73|51|47|76|247|61.75
2260|EEE|Amanda|89|54|51|94|288|72.00
2261|CIVIL96|Natalie|96|80|89|82|347|86.75
2262|ECE|Anna|74|84|38|91|287|71.75
2263|CSE|Emily|90|69|63|86|308|77.00
2264|ISE|Jasmine|85|54|93|96|328|82.00
2265|ECE|Felicity|83|40|97|82|302|75.50
2266|EEE|Pippa|99|71|97|82|349|87.25
2267|CIVIL65|Heather|65|78|89|95|327|81.75
2268|ECE|Rachel|74|71|38|83|266|66.50
2269|CSE|Stephanie|99|68|88|98|353|88.25
2270|ISE|Dorothy|83|55|88|79|305|76.25
2271|ECE|Sophie|93|75|45|80|293|73.25
2272|EEE|Sonia|67|70|61|89|287|71.75
2273|CIVIL68|Virginia|68|62|78|96|304|76.00
2274|ECE|Stephanie|85|69|40|83|277|69.25
2275|CSE|Sophie|67|70|45|83|265|66.25
2276|ISE|Joanne|68|89|51|83|291|72.75
2277|ECE|Lillian|90|66|73|77|306|76.50
2278|EEE|Fiona|63|70|56|88|277|69.25
2279|CIVIL71|Elizabeth|71|79|40|78|268|67.00
2280|ECE|Rose|98|35|41|74|248|62.00
2281|CSE|Zoe|66|81|93|81|321|80.25
2282|ISE|Virginia|69|47|70|77|263|65.75
2283|ECE|Nicola|72|55|35|75|237|59.25
2284|EEE|Julia|87|82|36|75|280|70.00
2285|CIVIL94|Deirdre|94|47|94|76|311|77.75
2286|ECE|Fiona|60|62|78|93|293|73.25
2287|CSE|Caroline|82|62|54|84|282|70.50
2288|ISE|Amelia|75|78|88|80|321|80.25
2289|ECE|Karen|60|46|92|96|294|73.50
2290|EEE|Amanda|82|88|67|90|327|81.75
2291|CIVIL81|Jennifer|81|90|38|84|293|73.25
2292|ECE|Madeleine|67|74|85|76|302|75.50
2293|CSE|Claire|82|54|93|72|301|75.25
2294|ISE|Jessica|60|53|48|83|244|61.00
2295|ECE|Anna|85|42|47|99|273|68.25
2296|EEE|Megan|74|69|69|70|282|70.50
2297|CIVIL63|Alexandra|63|62|58|91|274|68.50
2298|ECE|Melanie|98|53|51|74|276|69.00
2299|CSE|Abigail|94|41|50|80|265|66.25
2300|ISE|Heather|96|40|84|91|311|77.75
2301|ECE|Diane|89|88|50|78|305|76.25
2302|EEE|Carolyn|78|36|42|93|249|62.25
2303|CIVIL93|Emma|93|87|61|71|312|78.00
2304|ECE|Wendy|61|77|96|80|314|78.50
2305|CSE|Wendy|68|65|63|80|276|69.00
2306|ISE|Claire|87|44|53|80|264|66.00
2307|ECE|Sonia|91|65|90|73|319|79.75
2308|EEE|Jennifer|90|84|83|93|350|87.50
2309|CIVIL77|Deirdre|77|68|96|87|328|82.00
2310|ECE|Dorothy|89|72|46|77|284|71.00
2311|CSE|Natalie|69|66|70|81|286|71.50
2312|ISE|Jane|95|65|43|85|288|72.00
2313|ECE|Theresa|90|37|92|86|305|76.25
2314|EEE|Sue|65|61|51|77|254|63.50
2315|CIVIL98|Carol|98|55|67|94|314|78.50
2316|ECE|Sonia|90|58|41|75|264|66.00
2317|CSE|Kylie|74|88|77|94|333|83.25
2318|ISE|Ella|84|70|42|78|274|68.50
2319|ECE|Nicola|69|78|84|73|304|76.00
2320|EEE|Tracey|77|46|61|75|259|64.75
2321|CIVIL73|Irene|73|45|94|87|299|74.75
2322|ECE|Alison|88|87|38|70|283|70.75
2323|CSE|Sue|84|50|88|79|301|75.25
2324|ISE|Stephanie|97|42|89|89|317|79.25
2325|ECE|Faith|92|54|61|88|295|73.75
2326|EEE|Olivia|80|88|47|86|301|75.25
2327|CIVIL89|Heather|89|86|59|85|319|79.75
2328|ECE|Abigail|97|81|54|73|305|76.25
2329|CSE|Caroline|81|81|42|90|294|73.50
2330|ISE|Katherine|94|38|57|78|267|66.75
2331|ECE|Penelope|69|81|46|97|293|73.25
2332|EEE|Karen|72|55|81|92|300|75.00
2333|CIVIL80|Olivia|80|90|91|89|350|87.50
2334|ECE|Diane|83|70|44|70|267|66.75
2335|CSE|Maria|88|69|91|77|325|81.25
2336|ISE|Audrey|68|43|57|79|247|61.75
2337|ECE|Lauren|79|42|50|75|246|61.50
2338|EEE|Sarah|63|62|42|82|249|62.25
2339|CIV|Gandh|100|88|99|45|332|83.00
2340|ECE|Megan|73|65|57|76|271|67.75
2341|CSE|Maria|77|90|63|70|300|75.00
2342|ISE|Rose|72|85|79|85|321|80.25
2343|ECE|Wendy|67|77|35|75|254|63.50
2344|EEE|Lauren|64|64|35|79|242|60.50
2345|CIV|Deirdre|84|60|97|91|332|83.00
2346|ECE|Rachel|86|52|85|94|317|79.25
2347|CSE|Meanie|60|58|92|84|294|73.50
2348|ISE|Carol|89|73|93|95|350|87.50
2349|ECE|Nicola|64|36|98|98|296|74.00
2350|EEE|Ava|66|80|40|87|273|68.25
2351|CIV|Plope|76|70|40|76|262|65.50
2352|ECE|Abigail|77|77|90|95|339|84.75
2353|CSE|Michle|60|89|97|77|323|80.75
2354|ISE|Rachel|75|69|36|81|261|65.25
2355|ECE|Heaher|74|80|74|98|326|81.50
2356|EEE|Sonia|67|60|93|76|296|74.00
2357|CIV|Lily|95|37|62|87|281|70.25
2358|ECE|Deidre|61|54|40|84|239|59.75
2359|CSE|Ktrine|79|71|78|85|313|78.25
2360|ISE|Rachel|69|48|68|75|260|65.00
2361|ECE|Lilian|92|47|39|88|266|66.50
2362|EEE|Diane|63|42|35|75|215|53.75
2363|CIV|Sonia|81|41|35|86|243|60.75
2364|ECE|Irene|60|56|37|87|240|60.00
2365|CSE|Emma|89|61|78|70|298|74.50
2366|ISE|Megan|77|52|47|82|258|64.50
2367|ECE|Anna|87|63|36|94|280|70.00
2368|EEE|Maria|74|82|48|73|277|69.25
2369|CIV|Zoe|90|40|84|85|299|74.75
2370|ECE|Seanie|76|84|37|98|295|73.75
2371|CSE|Kylie|64|74|44|86|268|67.00
2372|ISE|Michele|89|41|45|96|271|67.75
2373|ECE|Anne|98|63|63|93|317|79.25
2374|EEE|Samtha|72|61|91|76|300|75.00
2375|CIV|Yvonne|91|59|92|85|327|81.75
2376|ECE|Lily|85|37|67|87|276|69.00
2377|CSE|Jan|76|60|92|84|312|78.00
2378|ISE|Una|79|65|81|97|322|80.50
2379|ECE|Amanda|84|77|64|90|315|78.75
2380|EEE|Nicola|78|72|40|87|277|69.25
2381|CIV|Lauren|71|67|72|75|285|71.25
2382|ECE|Lauren|86|53|84|87|310|77.50
2383|CSE|Wendy|72|60|94|77|303|75.75
2384|ISE|Rachel|70|63|48|76|257|64.25
2385|ECE|Jan|83|75|73|79|310|77.50
2555|ISE|Prabal|55|66|77|99|297|74.25
